5.85912773982263e-09 0.000253420189584512
1.2036655929257074e-08 0.00025341415877500745
1.7707760236772706e-08 0.00025340173658675025
2.4108274279040245e-08 0.0002533894522742698
2.922309901373035e-08 0.00025337692643058116
3.60050572586046e-08 0.0002533649076633705
4.0946480484434066e-08 0.0002533524489173357
4.732491253576054e-08 0.00025334014208957395
5.2996890208398037e-08 0.00025332823161252835
5.860698836586192e-08 0.0002533155926292448
6.471871420434942e-08 0.0002533037265761845
7.009255824064258e-08 0.00025329139947240925
7.617274682230002e-08 0.0002532792879303067
8.156157553395109e-08 0.0002532671951770149
8.761882227622382e-08 0.00025325507998575844
9.337140442261356e-08 0.00025324298976674153
9.893182482180824e-08 0.0002532305292289698
1.0467227516206274e-07 0.00025321856045929306
1.1011527553649241e-07 0.00025320659842742455
1.1601408811580301e-07 0.0002531947396829243
1.2163143112248336e-07 0.0002531827090807258
1.2738870059768297e-07 0.0002531704874875508
1.329376766758871e-07 0.00025315838407798455
1.3847154469352047e-07 0.00025314631454696757
1.4417739442391845e-07 0.00025313441604853104
1.4960488980161114e-07 0.00025312231243553376
1.5510648793000266e-07 0.00025311029600862817
1.6050806384927675e-07 0.0002530984886040845
1.661507570903091e-07 0.00025308671705046026
1.718213540573708e-07 0.0002530747993255214
1.7733829679466583e-07 0.0002530625920017411
1.8283719985861379e-07 0.0002530504895722069
1.8821402388083022e-07 0.00025303854267999526
1.9368131701044324e-07 0.00025302672708584287
1.9908828054463586e-07 0.000253014936003184
2.0454621623329508e-07 0.0002530031006147404
2.1001849652465072e-07 0.0002529912549680269
2.1544527686948179e-07 0.00025297932608269597
2.2096614730645702e-07 0.00025296741609033557
2.2649646880117341e-07 0.00025295544661844624
2.3204720881917983e-07 0.00025294335975656335
2.3757129303136585e-07 0.0002529312301193208
2.4322012696468065e-07 0.00025291909821402794
2.490520247883538e-07 0.0002529068598454698
2.551320572865439e-07 0.0002528943027515079
2.615512440863958e-07 0.0002528813057104222
2.68195331327827e-07 0.0002528677152134756
2.7505923271946645e-07 0.00025285355414034205
2.8203910460071225e-07 0.000252838939686556
2.8916282162084645e-07 0.00025282397766099307
2.965107145697603e-07 0.00025280874308923965
3.0409561688576354e-07 0.0002527931267456776
3.1191923337161583e-07 0.00025277703337942686
3.199100356272976e-07 0.00025276044728609476
3.281168345875799e-07 0.0002527434369402788
3.365598729092688e-07 0.00025272602450895215
3.452187918314193e-07 0.00025270814245586734
3.5402630070593115e-07 0.0002526897911945096
3.6294967382689054e-07 0.0002526710556045725
3.7205703210453863e-07 0.0002526520328673086
3.813917854317347e-07 0.00025263268758666385
3.9098822149057463e-07 0.0002526129098008069
4.008092991976987e-07 0.00025259262088002735
4.108009971215786e-07 0.0002525718214146412
4.2092490040083444e-07 0.00025255060291467027
4.3113796433132404e-07 0.0002525290577300894
4.414264745868717e-07 0.00025250726433143425
4.5181141275650763e-07 0.0002524852775738391
4.6232263428615843e-07 0.00025246309084692165
4.7297691796618023e-07 0.00025244065341987684
4.837862382163128e-07 0.000252417916721117
4.947309792163967e-07 0.00025239485017115176
5.057676972507576e-07 0.00025237146188971174
5.168481231656637e-07 0.00025234781668221837
5.279628910778054e-07 0.000252324006834833
5.391353762920389e-07 0.0002523000894080543
5.504050858027778e-07 0.000252276050238847
5.618185271268536e-07 0.00025225182670205945
5.733798257567811e-07 0.0002522273319275417
5.850546133484402e-07 0.00025220251331087296
5.967774080118392e-07 0.0002521774003765298
6.085184832604079e-07 0.000252152094501034
6.202987616145897e-07 0.0002521266927914233
6.321487132902107e-07 0.0002521012043854576
6.440919018972289e-07 0.0002520755767531982
6.561223985168049e-07 0.00025204975492641724
6.682332690543361e-07 0.00025202372159684183
6.80417480822694e-07 0.0002519974907563387
6.92679948110095e-07 0.00025197107760389914
7.050215921072681e-07 0.0002519444853557838
7.174189790849796e-07 0.00025191770882008677
7.298622199419527e-07 0.00025189077022602993
7.423649450142124e-07 0.00025186370184783133
7.549695360877287e-07 0.000251836499154702
7.677046174286511e-07 0.0002518091059456433
7.805594496231509e-07 0.0002517814505856031
7.935036869632357e-07 0.00025175351343420874
8.065132036914969e-07 0.00025172533308999434
8.195968221587801e-07 0.0002516969621294829
8.327728629770786e-07 0.0002516684162195519
8.460550688228352e-07 0.00025163967069892837
8.594445880731244e-07 0.00025161069591091156
8.729360841333557e-07 0.000251581477904831
8.865352846924324e-07 0.0002515520213266509
9.002537574355545e-07 0.0002515223275654545
9.141040942635874e-07 0.00025149238260550183
9.280808356830224e-07 0.00025146216450011236
9.421633957533546e-07 0.00025143166431726427
9.563326965551357e-07 0.00025140090327610554
9.705832636061764e-07 0.000251369917935753
9.849291298591004e-07 0.0002513387339204906
9.993876892797037e-07 0.00025130734481217457
1.0139714430177574e-06 0.00025127571869603196
1.0286830238217235e-06 0.0002512438234317134
1.043516415340701e-06 0.0002512116430349147
1.0584576694885828e-06 0.0002511791819422536
1.0734876999866015e-06 0.0002511464608032088
1.088596453970102e-06 0.00025111351170748267
1.1037876979216422e-06 0.0002510803626844006
1.1190811182287215e-06 0.0002510470204997971
1.1345045032917372e-06 0.00025101346327715407
1.1500769427176415e-06 0.0002509796445420813
1.1657918517290469e-06 0.0002509455175465185
1.181614581401544e-06 0.000250911070007645
1.1975064136195341e-06 0.0002508763434382194
1.2134500662655802e-06 0.0002508414103884263
1.229458994886199e-06 0.0002508063250227649
1.245561891510032e-06 0.0002507710899407288
1.26177953138899e-06 0.0002507356631089863
1.2781136467208412e-06 0.00025069999542689375
1.2945493768458266e-06 0.0002506640640002125
1.3110680392709144e-06 0.00025062788133851585
1.3276568763452132e-06 0.00025059148103903986
1.3443140206272868e-06 0.0002505548948796704
1.3610474793218468e-06 0.0002505181370973872
1.3778702018985855e-06 0.0002504812006828873
1.3947943653191114e-06 0.0002504440645639365
1.4118254024486344e-06 0.0002504067045423393
1.4289610503164815e-06 0.00025036910402125717
1.4461930544717118e-06 0.0002503312603318632
1.4635107324541615e-06 0.00025029318436201736
1.4809047025189699e-06 0.0002502548954763095
1.49836999260595e-06 0.0002502164136246321
1.5159083680210617e-06 0.0002501777521241415
1.5335266378681768e-06 0.00025013891289532575
1.5512327451716103e-06 0.00025009988683083115
1.5690313232061313e-06 0.0002500606595266415
1.5869213067557548e-06 0.0002500212189812702
1.6048964666092661e-06 0.0002499815620272995
1.622948318596307e-06 0.00024994169624713986
1.6410712203954575e-06 0.00024990163639657115
1.6592668222796152e-06 0.00024986139610586044
1.677545197347004e-06 0.00024982097867827513
1.6959200405875323e-06 0.0002497803724789763
1.7144007581760662e-06 0.0002497395550781663
1.7329880750425899e-06 0.00024969850542299124
1.7516756658379428e-06 0.0002496572155061237
1.7704555111510775e-06 0.0002496156932515238
1.7893225749479416e-06 0.0002495739560030505
1.8082768137940303e-06 0.00024953202054413953
1.8273226555748304e-06 0.00024948989612113767
1.8464671214714717e-06 0.0002494475829131586
1.865717743802775e-06 0.00024940507461180747
1.8850802404105006e-06 0.0002493623621525609
1.9045563872273958e-06 0.00024931943732255796
1.92414289946056e-06 0.0002492762963269453
1.9438320207289625e-06 0.0002492329423672765
1.963613900099185e-06 0.0002491893856307048
1.9834796619606467e-06 0.00024914564001319445
2.0034234946479413e-06 0.00024910171808201903
2.02344207158027e-06 0.000249057627178334
2.043530986335359e-06 0.0002490133693158793
2.06367967301548e-06 0.0002489689461699328
2.083867365565541e-06 0.0002489243681576721
2.104062453592084e-06 0.00024887966408805584
2.1242252017795636e-06 0.00024883488641867096
2.1443117199616892e-06 0.00024879010927156275
2.164277121617671e-06 0.00024874542095758637
2.184077307658651e-06 0.0002487009152437429
2.2036702382025514e-06 0.0002486566845280522
2.223018076362871e-06 0.00024861281542699204
2.242091895279822e-06 0.0002485693851868795
2.2608797408512054e-06 0.0002485264559341019
2.2793967836234514e-06 0.00024848406367164455
2.2976940479985893e-06 0.000248442201626925
2.3158608981154976e-06 0.0002484008023225827
2.334017781577186e-06 0.00024835972678664137
2.3522992700155532e-06 0.0002483187690547582
2.3708314951501737e-06 0.0002482776789250324
2.3897098998940913e-06 0.0002482361990987919
2.40898226126586e-06 0.0002481941082195724
2.4286401829937164e-06 0.0002481512604122181
2.448621074016185e-06 0.00024810761295955205
2.4688216943948843e-06 0.0002480632351365905
2.489121653984386e-06 0.00024801829351974933
2.5094115347301345e-06 0.0002479730142101663
2.529618095558511e-06 0.00024792762990175424
2.549719589204369e-06 0.00024788232556484727
2.5697470408703692e-06 0.0002478371976316063
2.5897710936565922e-06 0.000247792237779796
2.6098784186688973e-06 0.0002477473453437497
2.630145247417622e-06 0.00024770236398938966
2.6506163734733513e-06 0.0002476571310704029
2.671295444488109e-06 0.00024761152472867545
2.6921481585942207e-06 0.00024756549524984975
2.7131164978552398e-06 0.00024751907253036873
2.7341397141599127e-06 0.0002474723486554538
2.755175871018215e-06 0.00024742544164495575
2.7762165852152553e-06 0.00024737845210319465
2.7972890347169517e-06 0.00024733142726942464
2.818444057828103e-06 0.00024728434522305887
2.839734996486835e-06 0.00024723712527960004
2.8611958342446207e-06 0.00024718966103895804
2.882827400196258e-06 0.00024714186369744623
2.904597218872507e-06 0.00024709369852986274
2.9264530826973937e-06 0.00024704519932021093
2.9483444546516397e-06 0.00024699645425928576
2.970242026599217e-06 0.0002469475694793395
2.9921463861915934e-06 0.000246898626936172
3.0140821543126123e-06 0.00024684965598508954
3.036081337243104e-06 0.00024680063094667873
3.0581646790762525e-06 0.00024675149394723025
3.0803297592179666e-06 0.000246702190469298
3.1025502829735865e-06 0.000246652700366258
3.124785652357483e-06 0.0002466030510676169
3.1469959902574122e-06 0.0002465533090123921
3.169156239352023e-06 0.00024650355488500114
3.1912637313162335e-06 0.00024645385416599205
3.213336494490125e-06 0.0002464042352898488
3.23540361980414e-06 0.0002463546836643342
3.257492380305898e-06 0.00024630515273777603
3.279617831752854e-06 0.00024625558618974683
3.3017789633009723e-06 0.0002462059411705575
3.3239622830873227e-06 0.00024615620289202
3.3461505345673695e-06 0.00024610638531148005
3.3683322146886723e-06 0.00024605651902875544
3.3905074423787424e-06 0.0002460066330491756
3.4126876130140703e-06 0.0002459567393266193
3.434889388635258e-06 0.00024590682706313385
3.457126319993723e-06 0.0002458568687191999
3.4794023859236875e-06 0.00024580683408997883
3.501710631709228e-06 0.0002457567051683228
3.5240375879640477e-06 0.000245706484318646
3.546371390871484e-06 0.0002456561915631962
3.568709633382152e-06 0.0002456058521510193
3.5910629054416623e-06 0.00024555548055737314
3.6134519998355635e-06 0.00024550506910045455
3.635900012592394e-06 0.0002454545872180615
3.6584232599177197e-06 0.000245403992065997
3.681025475722425e-06 0.00024535324527354824
3.703697933499562e-06 0.00024530232756922454
3.7264251112546064e-06 0.0002452512442489736
3.7491929004993794e-06 0.00024520001929757146
3.7719953372424233e-06 0.0002451486816612454
3.794836791807506e-06 0.00024509725071588176
3.817728952110792e-06 0.0002450457277863652
3.8406844921277796e-06 0.0002449940971153419
3.863710731138427e-06 0.0002449423349674927
3.8868062856632925e-06 0.00024489042191152416
3.909962071395657e-06 0.0002448383522569257
3.933165952489511e-06 0.0002447861363333338
3.956408759480338e-06 0.0002447337948296123
3.979688851275738e-06 0.00024468134815291975
4.003013058580206e-06 0.0002446288060628417
4.026393529596276e-06 0.0002445761626087388
4.049842019666636e-06 0.0002445233987378448
4.073364473147973e-06 0.0002444704911482888
4.09695854709059e-06 0.000244417422955584
4.120615123332493e-06 0.00024436419102447093
4.144322796255463e-06 0.0002443108066704572
4.168072912204409e-06 0.00024425728982472444
4.1918626096312215e-06 0.0002442036599396083
4.215694463885891e-06 0.0002441499283313414
4.2395731988261405e-06 0.00024409609565131246
4.263501493018107e-06 0.0002440421553153195
4.287477250216649e-06 0.0002439881005598249
4.311493657223884e-06 0.00024393393105126213
4.335541704297938e-06 0.00024387965554702531
4.3596136641406966e-06 0.0002438252895023904
4.3837058383557245e-06 0.00024377084922399053
4.407819480799475e-06 0.00024371634569476247
4.431959693109446e-06 0.00024366178096055235
4.456132885299121e-06 0.00024360714843884093
4.480343918919604e-06 0.0002435524366457449
4.504594156288653e-06 0.0002434976344865246
4.528881217705599e-06 0.00024344273582333278
4.553200429048123e-06 0.0002433877415438171
4.577547149866009e-06 0.00024333265849670396
4.601918840506509e-06 0.00024327749598784115
4.626315966985894e-06 0.00024322226152058424
4.650741441324866e-06 0.00024316695772718874
4.67519894911071e-06 0.00024311158184783452
4.699690982513833e-06 0.00024305612789718087
4.724217520595632e-06 0.00024300059036598196
4.748776019360057e-06 0.00024294496755889947
4.773362762010785e-06 0.00024288926286716514
4.797974922969865e-06 0.00024283348333488733
4.822612298312558e-06 0.0002427776362626463
4.847277826529064e-06 0.00024272172557065694
4.8719766774132954e-06 0.00024266574973120722
4.896714420402483e-06 0.00024260970224573158
4.921495203899422e-06 0.00024255357435136113
4.946320819002878e-06 0.0002424973585441123
4.971191032363501e-06 0.00024244105115445863
4.996104871483377e-06 0.0002423846527768135
5.021062005009191e-06 0.00024232816654432693
5.046063333366796e-06 0.0002422715954076629
5.071110423965372e-06 0.0002422149400700957
5.096204119880531e-06 0.00024215819877909314
5.121343052564833e-06 0.00024210136909298685
5.146522721669676e-06 0.00024204445069104727
5.171735446698891e-06 0.00024198744786302698
5.196971108193825e-06 0.00024193037063260925
5.222218304925517e-06 0.00024187323424362112
5.247465399861963e-06 0.0002418160575108838
5.2727009890270996e-06 0.00024175886095871568
5.297913642697199e-06 0.00024170166564274273
5.323091196196876e-06 0.00024164449313135092
5.348220147335225e-06 0.00024158736649545
5.373285694323958e-06 0.00024153031155556282
5.398272678292421e-06 0.00024147335733825173
5.423167341589246e-06 0.00024141653488871442
5.447959511541896e-06 0.00024135987423492752
5.472644655094512e-06 0.0002413034000919266
5.497225291269645e-06 0.00024124712743554474
5.521711502103544e-06 0.0002411910580842197
5.546120613928614e-06 0.00024113517897189976
5.570476309099797e-06 0.0002410794621692247
5.594807365070947e-06 0.00024102386626433797
5.61914601214142e-06 0.0002409683386350621
5.643525751353006e-06 0.00024091281838850565
5.66797849256478e-06 0.00024085724010309076
5.692531072057677e-06 0.00024080153870656776
5.717201557740192e-06 0.00024074565565965905
5.741996138266287e-06 0.00024068954603908774
5.766907594557245e-06 0.0002406331853277606
5.791916154558017e-06 0.00024057657410369443
5.816992931408235e-06 0.00024051973879638672
5.842105378985759e-06 0.00024046272745747305
5.867223575820902e-06 0.00024040560087469978
5.89232587716443e-06 0.00024034842082622937
5.917402619800734e-06 0.00024029123821685955
5.942457072871826e-06 0.00024023408389298173
5.96750354881588e-06 0.00024017696415023007
5.99256329618839e-06 0.0002401198616682823
6.017659277606147e-06 0.00024006274129880628
6.042811093487335e-06 0.0002400055591182497
6.068031180048057e-06 0.00023994827257833515
6.093323072433751e-06 0.00023989084946079292
6.1186820436000845e-06 0.00023983327364761678
6.144097868450179e-06 0.00023977554644710047
6.169558932882092e-06 0.00023971768327519377
6.195056556251715e-06 0.00023965970668335043
6.220588337340674e-06 0.00023960163770627568
6.246159602270987e-06 0.00023954348796567312
6.271782572208176e-06 0.0002394852547275214
6.29747353075863e-06 0.0002394269202391809
6.32324883731799e-06 0.00023936845543806942
6.349120905899877e-06 0.0002393098269126183
6.3750951865218505e-06 0.0002392510051438708
6.401168837303621e-06 0.00023919197179217075
6.427331295765587e-06 0.00023913272416347872
6.453566436897395e-06 0.0002390732758816086
6.479855525215933e-06 0.00023901365395870983
6.506179891207405e-06 0.00023895389355259658
6.532522390474136e-06 0.00023889403236654339
6.5588672869004995e-06 0.00023883410661246565
6.585199008058822e-06 0.0002387741496712864
6.611500840884578e-06 0.00023871419330310367
6.637754737516368e-06 0.0002386542699913015
6.6639429269145355e-06 0.0002385944143299852
6.690051192956042e-06 0.00023853466165283527
6.716072843472861e-06 0.00023847504329835637
6.742011908572273e-06 0.0002384155795378852
6.76788418538588e-06 0.00023835627253688402
6.793715380442348e-06 0.0002382971021710513
6.819536552198622e-06 0.000238238026834231
6.845377964110582e-06 0.00023817898980162122
6.871262997173543e-06 0.00023811992984849178
6.897203765986791e-06 0.00023806079338105357
6.923199549754006e-06 0.00023800154481612087
6.94923828041767e-06 0.0002379421725082001
6.975300436634738e-06 0.00023788268890963596
7.001364095183511e-06 0.00023782312534752215
7.027409773080553e-06 0.000237763523227158
7.0534240130134575e-06 0.00023770392419735983
7.079401206618728e-06 0.00023764436168774092
7.105343670214814e-06 0.00023758485543052058
7.131260332689892e-06 0.00023752540950191733
7.157164530141743e-06 0.0002374660134899717
7.1830713743230326e-06 0.00023740664590066532
7.2089950671832055e-06 0.00023734727885794601
7.234946479886042e-06 0.0002372878833304254
7.260931356911422e-06 0.0002372284342422211
7.2869495793742336e-06 0.00023716891476338597
7.312995861770398e-06 0.0002371093189192687
7.33906193610921e-06 0.0002370496516788459
7.365139753695021e-06 0.00023698992611506653
7.391224753107623e-06 0.00023693015807683612
7.417318080965769e-06 0.0002368703597808025
7.443426937453302e-06 0.00023681053435302413
7.469562859068854e-06 0.00023675067325272525
7.495738494947711e-06 0.00023669075762161595
7.521963988888142e-06 0.00023663076322125512
7.548244229479131e-06 0.0002365706672987876
7.574577911720534e-06 0.0002365104549852358
7.6009586817058335e-06 0.000236450122994062
7.627377867261529e-06 0.00023638967938424682
7.653827727131962e-06 0.00023632913960799223
7.680303994680233e-06 0.00023626852042011107
7.706806801785825e-06 0.0002362078339770389
7.733339720416356e-06 0.00023614708430847245
7.7599074001437e-06 0.00023608626737366134
7.786512817810907e-06 0.00023602537448711922
7.813155274333834e-06 0.00023596439758918203
7.839829932490132e-06 0.00023590333415278095
7.866529045555034e-06 0.00023584218973273993
7.893244353461976e-06 0.0002357809771670813
7.919969681173009e-06 0.0002357197128180777
7.94670271532021e-06 0.00023565841141775373
7.973445271092841e-06 0.0002355970815978367
8.00020196520767e-06 0.00023553572384911806
8.02697784743782e-06 0.0002354743316393751
8.053775947619506e-06 0.0002354128951571055
8.080595694991438e-06 0.0002353514061500528
8.107432776440956e-06 0.00023528986196983542
8.134280409429831e-06 0.00023522826732488497
8.161131469928899e-06 0.00023516663318990522
8.187980635004809e-06 0.00023510497342898312
8.214825752901464e-06 0.0002350433005232147
8.2416679973727e-06 0.00023498162204909842
8.268510858074604e-06 0.00023491993915436202
8.295358470230263e-06 0.00023485824742053296
8.322214011411832e-06 0.00023479653954309315
8.349078801118189e-06 0.00023473480859735954
8.375952381494186e-06 0.0002346730505435081
8.402833405174863e-06 0.00023461126507475644
8.429720814640711e-06 0.0002345494546994384
8.45661471452362e-06 0.00023448762271595716
8.483516538924704e-06 0.000234425771153339
8.510428489091327e-06 0.0002343638996546507
8.537352569883534e-06 0.00023430200575659185
8.564289716834273e-06 0.00023424008632635246
8.591239424028888e-06 0.00023417813938691676
8.618200026094092e-06 0.00023411616541594432
8.645169486851445e-06 0.00023405416749299954
8.672146326097051e-06 0.0002339921502330887
8.69913025556528e-06 0.00023393011801411262
8.726122219029274e-06 0.00023386807332386253
8.75312379121822e-06 0.00023380601599017753
8.780136171174155e-06 0.00023374394365822948
8.807159177018865e-06 0.0002336818533407274
8.834190633969082e-06 0.00023361974342029496
8.861226361485475e-06 0.00023355761532214275
8.888260701032082e-06 0.00023349547425291842
8.915287303097605e-06 0.00023343332882377887
8.942299807236681e-06 0.000233371189859298
8.969292136268569e-06 0.0002333090690152667
8.996258341882107e-06 0.00023324697785373147
9.023192180262448e-06 0.00023318492773594102
9.050086750236214e-06 0.0002331229304360291
9.076934525662173e-06 0.00023306099895518614
9.103727962083142e-06 0.00023299914784521633
9.130460618602484e-06 0.0002329373925063112
9.157128505986787e-06 0.00023287574735193772
9.183731249094558e-06 0.00023281422322940504
9.210272696543242e-06 0.00023275282483419674
9.236760808631484e-06 0.00023269154890169855
9.26320691219867e-06 0.0002326303836949692
9.289624603634446e-06 0.0002325693098557298
9.3160286247113e-06 0.00023250830225443608
9.342433929125313e-06 0.0002324473322390455
9.368854971300778e-06 0.0002323863697368117
9.395305083358918e-06 0.0002323253849454178
9.421795746702745e-06 0.00023226434970885848
9.448335647703231e-06 0.00023220323890211364
9.474929598764821e-06 0.0002321420321237562
9.501577610333772e-06 0.00023208071571771682
9.52827450227016e-06 0.00023201928474793007
9.555010374527988e-06 0.0002319577442581322
9.581772029920165e-06 0.00023189610912339315
9.608545142712213e-06 0.000231834402104069
9.635316713325826e-06 0.00023177265023960336
9.662077239452839e-06 0.00023171088025948292
9.688822108843942e-06 0.00023164911403776578
9.715551949047964e-06 0.00023158736512857506
9.742271965662773e-06 0.00023152563710702317
9.768990554827904e-06 0.00023146392392214832
9.795717607712567e-06 0.0002314022119397352
9.822462913196096e-06 0.00023134048298487433
9.849234944962945e-06 0.0002312787175896419
9.87604015720301e-06 0.0002312168977762208
9.90288277514126e-06 0.00023115500898070532
9.92976499222069e-06 0.00023109304099356437
9.956687472875726e-06 0.00023103098798565522
9.983650069925042e-06 0.00023096884777490043
1.0010652652578066e-05 0.0002309066205159506
1.003769588946108e-05 0.0002308443070375872
1.0064781773486523e-05 0.0002307819071330694
1.0091913670925326e-05 0.00023071941820775738
1.01190957659478e-05 0.000230656834719338
1.0146331942981378e-05 0.00023059414874419815
1.017362434294774e-05 0.00023053135173541767
1.0200971969158356e-05 0.00023046843717654947
1.0228369745023679e-05 0.00023040540350042008
1.0255808318932007e-05 0.00023034225647829837
1.0283274699883071e-05 0.0002302790103777541
1.0310753562295159e-05 0.00023021568752154206
1.0338228871752017e-05 0.00023015231633855687
1.0365685428040897e-05 0.00023008892842047227
1.0393110014701857e-05 0.00023002555532190133
1.042049203729013e-05 0.0002299622258075812
1.0447823737437351e-05 0.00022989896398203577
1.0475100200532654e-05 0.0002298357883620851
1.0502319383872743e-05 0.00022977271162228155
1.0529482285810662e-05 0.00022970974058401927
1.0556593208196017e-05 0.0002296468760871334
1.0583659910810357e-05 0.00022958411263579795
1.061069338625355e-05 0.00022952143803120148
1.0637707032626505e-05 0.000229458833452989
1.0664715161641062e-05 0.00022939627449506186
1.069173100407251e-05 0.00022933373346537347
1.0718764588832924e-05 0.00022927118286228745
1.0745820995961705e-05 0.00022920859948533448
1.077289945828061e-05 0.00022914596829611694
1.0799993602182233e-05 0.000229083285051241
1.0827092827692446e-05 0.00022902055694837276
1.0854184527844383e-05 0.00022895780100001817
1.0881256635078483e-05 0.0002288950404315225
1.0908299917619438e-05 0.00022883229991587165
1.0935309537816793e-05 0.00022876960073884428
1.096228558923772e-05 0.00022870695696596346
1.0989232586542881e-05 0.00022864437337967447
1.1016158122417972e-05 0.00022858184547341898
1.1043071070234427e-05 0.00022851936129466427
1.1069979766902971e-05 0.00022845690453810602
1.1096890559632622e-05 0.00022839445810081058
1.1123806975747435e-05 0.00022833200731546197
1.1150729622121692e-05 0.00022826954224068607
1.1177656777394307e-05 0.00022820705863518115
1.1204585522661828e-05 0.00022814455751448207
1.1231513165747058e-05 0.00022808204345235727
1.1258438652094758e-05 0.00022801952201774792
1.1285363636713902e-05 0.00022795699691259205
1.1312292939766006e-05 0.0002278944674644831
1.1339234235127032e-05 0.0002278319270909955
1.1366197007280387e-05 0.00022776936316555585
1.1393191006249548e-05 0.00022770675839688462
1.1420224570248486e-05 0.00022764409345093356
1.144730322369041e-05 0.0002275813502064343
1.147442887976225e-05 0.00022751851485299998
1.1501599804458556e-05 0.00022745558008405165
1.152881128501039e-05 0.00022739254589888153
1.155605675710778e-05 0.00022732941892816133
1.1583329042600638e-05 0.00022726621060397897
1.1610621363981202e-05 0.00022720293477890632
1.1637927923476812e-05 0.00022713960547212156
1.1665244014794174e-05 0.00022707623527844223
1.1692565807201482e-05 0.00022701283467630243
1.17198900431283e-05 0.0002269494121279296
1.1747213887633778e-05 0.00022688597460136795
1.177453506604952e-05 0.00022682252804119216
1.1801852267392331e-05 0.00022675907741386003
1.1829165639314473e-05 0.00022669562620083322
1.185647711598546e-05 0.00022663217552117837
1.1883790339225056e-05 0.00022656872330606773
1.1911110054526705e-05 0.00022650526402452284
1.193844104878503e-05 0.00022644178932928333
1.196578687999169e-05 0.00022637828968935167
1.1993148759863679e-05 0.00022631475670617865
1.2020524940355646e-05 0.0002262511855132647
1.2047910821719335e-05 0.00022618757654773586
1.207529978841082e-05 0.00022612393611310885
1.2102684562625379e-05 0.00022606027548834756
1.213005871421607e-05 0.00022599660876802471
1.215741792495526e-05 0.00022593295000020164
1.2184760683026375e-05 0.00022586931039401612
1.2212088253082877e-05 0.00022580569633571385
1.2239403974347024e-05 0.00022574210870157999
1.2266712120306888e-05 0.00022567854357190276
1.2294016656442269e-05 0.00022561499405805707
1.2321320232926825e-05 0.00022555145266817123
1.2348623655716687e-05 0.00022548791353520573
1.2375925925244581e-05 0.00022542437392482698
1.2403224764068827e-05 0.00022536083469663556
1.2430517422052791e-05 0.0002252972997157307
1.2457801488158253e-05 0.00022523377451459659
1.2485075466983652e-05 0.00022517026468511434
1.251233898067217e-05 0.00022510677450240935
1.2539592591724577e-05 0.00022504330614691107
1.2566837358862187e-05 0.00022497985966083225
1.2594074296966144e-05 0.00022491643353621943
1.262130390109687e-05 0.00022485302566672277
1.2648525831888694e-05 0.0002247896343499159
1.2675738782490579e-05 0.00022472625909007726
1.2702940491923996e-05 0.00022466290108084583
1.2730127853520299e-05 0.0002245995633682156
1.2757297082755013e-05 0.00022453625076901407
1.2784443933725648e-05 0.00022447296962425575
1.2811563965979807e-05 0.00022440972743675153
1.283865285472212e-05 0.00022434653240705968
1.2865706714811178e-05 0.00022428339287851665
1.2892722389411816e-05 0.00022422031673036136
1.2919697654570573e-05 0.00022415731079450385
1.2946631318070291e-05 0.00022409438038592175
1.2973523235507812e-05 0.00022403152900228943
1.3000374305557653e-05 0.00022396875818347234
1.3027186514362183e-05 0.00022390606744558672
1.3053963063820053e-05 0.0002238434541744841
1.3080708551607395e-05 0.0002237809133950469
1.310742910362692e-05 0.00022371843742777578
1.3134132328189888e-05 0.00022365601556584985
1.3160826986954424e-05 0.00022359363399024682
1.3187522356139083e-05 0.00022353127614864118
1.3214227354600179e-05 0.00022346892372746355
1.3240949603589655e-05 0.0002234065581732149
1.3267694622293367e-05 0.00022334416252943468
1.3294465337670852e-05 0.00022328172322005554
1.3321262004690865e-05 0.00022321923138501898
1.3348082522431934e-05 0.00022315668348005246
1.3374923031915247e-05 0.00022309408104722803
1.3401778628190566e-05 0.00022303142978527535
1.3428644029046655e-05 0.00022296873820747132
1.3455514106215775e-05 0.0002229060162263624
1.3482384269292893e-05 0.00022284327392945585
1.3509250756907653e-05 0.00022278052066277906
1.3536110904999443e-05 0.000222717764379661
1.3562963425514566e-05 0.0002226550111276461
1.3589808663853479e-05 0.0002225922645529184
1.3616648746757632e-05 0.00022252952540428514
1.3643487516096484e-05 0.00022246679114572288
1.367033018154774e-05 0.0002224040558697904
1.369718270608755e-05 0.00022234131069615026
1.3724051032858303e-05 0.0002222785447175378
1.37509403325008e-05 0.00022221574637481395
1.3777854464839962e-05 0.00022215290496951923
1.3804795795837263e-05 0.00022209001193092964
1.3831765403697427e-05 0.00022202706150065837
1.385876358275607e-05 0.00022196405066233701
1.388579045480398e-05 0.00022190097838489797
1.3912846461131078e-05 0.00022183784447247362
1.3939932548726676e-05 0.00022177464844716846
1.3967049967057537e-05 0.00022171138887881747
1.399419972126152e-05 0.00022164806342756666
1.402138183849663e-05 0.00022158466962774598
1.4048594659861068e-05 0.00022152120620269958
1.4075834355826516e-05 0.00022145767453743068
1.4103094789688565e-05 0.0002213940798978485
1.4130367752483437e-05 0.00022133043207677935
1.4157643502073593e-05 0.00022126674532025117
1.4184911487583678e-05 0.00022120303757279178
1.4212161136658201e-05 0.00022113932922343538
1.4239382614201681e-05 0.00022107564158409254
1.4266567501931797e-05 0.0002210119953155315
1.4293709374829196e-05 0.00022094840894639964
1.4320804253550935e-05 0.00022088489757421045
1.4347850897714915e-05 0.00022082147180477185
1.4374850890801467e-05 0.00022075813699442767
1.4401808470504119e-05 0.00022069489288024935
1.4428730086582627e-05 0.0002206317336849034
1.445562371551963e-05 0.00022056864874897553
1.4482498010340555e-05 0.00022050562366898382
1.4509361395433676e-05 0.00022044264183299425
1.4536221219187635e-05 0.00022037968617068943
1.4563083055039642e-05 0.00022031674090609854
1.4589950208418295e-05 0.00022025379311384902
1.4616823459023368e-05 0.0002201908339263224
1.4643701052833425e-05 0.0002201278592947227
1.4670578952561223e-05 0.00022006487025115484
1.469745134700962e-05 0.00022000187264461374
1.4724311397044764e-05 0.0002199388763490795
1.4751152154922342e-05 0.00021987589397850366
1.4777967543162172e-05 0.00021981293920758302
1.4804753237723279e-05 0.000219750024881199
1.483150728886033e-05 0.00021968716118106815
1.4858230345410546e-05 0.00021962435416046297
1.488492542388585e-05 0.00021956160493553922
1.491159726630886e-05 0.00021949890971384098
1.4938251432053813e-05 0.00021943626067110616
1.4964893337848475e-05 0.00021937364748987262
1.4991527473271458e-05 0.00021931105920989027
1.5018156970487878e-05 0.00021924848595906987
1.5044783610610782e-05 0.00021918592016242217
1.50714082337254e-05 0.00021912335696436247
1.5098031417943493e-05 0.0002190607938063506
1.5124654230875262e-05 0.00021899822932413757
1.5151278847491588e-05 0.0002189356618980294
1.517790887015596e-05 0.00021887308827049298
1.5204549265918066e-05 0.0002188105026076012
1.5231205930934355e-05 0.0002187478962563348
1.5257884977646493e-05 0.0002186852582649508
1.5284591896740247e-05 0.00021862257655077405
1.531133076261904e-05 0.0002185598394610251
1.533810362977489e-05 0.00021849703740643364
1.536491021906655e-05 0.00021843416425399928
1.539174793254009e-05 0.00021837121824025765
1.5418612176563633e-05 0.0002183082022690075
1.544549692509585e-05 0.00021824512357545775
1.5472395423248222e-05 0.00021818199284188988
1.5499300918726852e-05 0.000218118822927528
1.5526207316040396e-05 0.00021805562742294865
1.555310967348126e-05 0.00021799241924600268
1.5580004500056787e-05 0.00021792920947092537
1.560688984987957e-05 0.00021786600652301882
1.563376524539008e-05 0.00021780281579061866
1.566063148053965e-05 0.00021773963962688422
1.568749035723676e-05 0.00021767647765062736
1.5714344394582e-05 0.0002176133272294642
1.574119652739495e-05 0.00021755018404293752
1.576804978898344e-05 0.000217487042668333
1.579490696441606e-05 0.00021742389718566388
1.5821770212103145e-05 0.00021736074183080836
1.5848640681623505e-05 0.0002172975717207072
1.587551819250413e-05 0.0002172343836250347
1.5902401063312723e-05 0.0002171711766869415
1.5929286175696207e-05 0.0002171079529318838
1.5956169316528935e-05 0.000217044717385078
1.59830457709157e-05 0.0002169814776688088
1.600991106062455e-05 0.00021691824306453375
1.6036761664059626e-05 0.00021685502317583122
1.606359553858536e-05 0.00021679182646314188
1.609041230431459e-05 0.00021672865899432028
1.611721303310022e-05 0.0002166655237294049
1.614399969362006e-05 0.00021660242053330586
1.6170774400068975e-05 0.0002165393469202269
1.6197538666848666e-05 0.00021647629933223278
1.6224292866737344e-05 0.00021641327460922635
1.625103602720978e-05 0.000216350271255078
1.627776599986995e-05 0.00021628729017392906
1.630447993355643e-05 0.00021622433470490018
1.6331174903996837e-05 0.0002161614099851182
1.6357848522457422e-05 0.0002160985218503421
1.638449936670714e-05 0.0002160356755956938
1.6411127138272345e-05 0.00021597287493190995
1.643773252880563e-05 0.00021591012139534835
1.6464316851730055e-05 0.00021584741432981516
1.6490881544707898e-05 0.00021578475140442144
1.6517427665313046e-05 0.00021572212950424913
1.654395548850456e-05 0.00021565954576006213
1.6570464279565096e-05 0.00021559699848034547
1.6596952272590682e-05 0.00021553448779899204
1.662341684357586e-05 0.00021547201593343293
1.6649854835847893e-05 0.00021540958703777577
1.667626297716194e-05 0.00021534720670751337
1.6702638321928657e-05 0.00021528488124207892
1.6728978657049368e-05 0.00021522261678972449
1.6755282823034657e-05 0.0002151604185015657
1.678155092046378e-05 0.00021509828979827256
1.680778439203158e-05 0.0002150362318261781
1.6833985988649244e-05 0.00021497424314584693
1.68601596409755e-05 0.00021491231965773544
1.6886310262853997e-05 0.00021485045474217007
1.691244350993284e-05 0.0002147886395686069
1.6938565507275738e-05 0.0002147268635256487
1.6964682548839824e-05 0.00021466511473155342
1.6990800765319923e-05 0.00021460338060580106
1.7016925759948217e-05 0.00021454164849973867
1.704306222554033e-05 0.00021447990639334932
1.7069213576674997e-05 0.00021441814364701883
1.7095381650833076e-05 0.0002143563517667986
1.7121566542668635e-05 0.00021429452509433636
1.714776662915562e-05 0.0002142326612989756
1.7173978817298267e-05 0.0002141707615419125
1.7200199003842164e-05 0.00021410883021504012
1.7226422687769762e-05 0.0002140468742313044
1.7252645635483976e-05 0.00021398490194059205
1.727886447942754e-05 0.00021392292183778153
1.730507714186993e-05 0.00021386094129068056
1.733128301569478e-05 0.00021379896551916577
1.7357482892294043e-05 0.00021373699700240334
1.738367868581538e-05 0.000213675035386926
1.7409873045258634e-05 0.00021361307785176462
1.7436068959209227e-05 0.00021355111978516028
1.746226944014068e-05 0.00021348915557437356
1.748847733423175e-05 0.00021342717931790295
1.751469525397971e-05 0.0002133651853283569
1.754092559149586e-05 0.00021330316838301736
1.756717055277237e-05 0.00021324112376630566
1.75934321608765e-05 0.0002131790472027599
1.7619712202584622e-05 0.0002131169347920972
1.7646012124990878e-05 0.0002130547830247291
1.767233291189463e-05 0.00021299258890631126
1.769867497531001e-05 0.00021293035016115708
1.772503808522117e-05 0.00021286806545769976
1.775142133875146e-05 0.00021280573459738286
1.7777823150066202e-05 0.00021274335863691665
1.7804241234457114e-05 0.00021268093995433293
1.7830672568325313e-05 0.00021261848229617297
1.7857113328002387e-05 0.0002125559908488124
1.7883558835831548e-05 0.0002124934723508609
1.7910003560733044e-05 0.00021243093521821146
1.7936441223568982e-05 0.00021236838960832227
1.796286504167225e-05 0.00021230584732619823
1.7989268115463926e-05 0.00021224332148336855
1.8015643922606062e-05 0.00021218082587009385
1.80419868532954e-05 0.00021211837406829095
1.806829270373914e-05 0.0002120559784072433
1.809455904787922e-05 0.00021199364891361788
1.8120785428263002e-05 0.00021193139242604506
1.8146973338841945e-05 0.00021186921201583192
1.8173126006758274e-05 0.00021180710680508696
1.8199248008959093e-05 0.00021174507219905853
1.822534477769974e-05 0.0002116831004879069
1.8251422055189126e-05 0.00021162118172416908
1.82774853537065e-05 0.00021155930476180612
1.8303539467504526e-05 0.00021149745834177572
1.8329588071501766e-05 0.0002114356321252682
1.8355633432523816e-05 0.00021137381759368107
1.8381676252595113e-05 0.00021131200875086978
1.840771565858258e-05 0.00021125020257868957
1.8433749345086698e-05 0.00021118839920472934
1.8459773865230473e-05 0.00021112660176081377
1.848578504661225e-05 0.0002110648159328668
1.8511778490101213e-05 0.00021100304923556135
1.8537750092291247e-05 0.0002109413100863343
1.8563696523909192e-05 0.0002108796067834054
1.8589615600044947e-05 0.00021081794651715488
1.8615506494325577e-05 0.0002107563345431912
1.8641369775096783e-05 0.0002106947736209841
1.8667207271472537e-05 0.00021063326378410047
1.8693021804198596e-05 0.00021057180244974175
1.871881683543644e-05 0.00021051038482634843
1.874459610005619e-05 0.0002104490045322198
1.8770363278998986e-05 0.00021038765431105264
1.8796121764300477e-05 0.00021032632672323553
1.8821874547690412e-05 0.000210265014700544
1.884762424208679e-05 0.00021020371188285036
1.887337321975176e-05 0.00021014241269433354
1.8899123825350848e-05 0.00021008111216875083
1.8924878601318446e-05 0.00021001980558601335
1.8950640452750644e-05 0.00020995848802980027
1.8976412684868974e-05 0.0002098971540012394
1.9002198870234606e-05 0.00020983579722839638
1.9028002542190997e-05 0.00020977441077409467
1.9053826756877605e-05 0.0002097129874851257
1.9079673606206494e-05 0.00020965152073917914
1.9105543786413807e-05 0.00020959000536791353
1.913143632359338e-05 0.00020952843857150252
1.9157348528737093e-05 0.00020946682062347038
1.918327620739931e-05 0.00020940515519307298
1.9209214095662092e-05 0.00020934344918624795
1.923515644819766e-05 0.00020928171210377738
1.926109767688428e-05 0.00020921995501751306
1.92870329349489e-05 0.00020915818933775823
1.9312958560603337e-05 0.00020909642558139194
1.933887232865971e-05 0.0002090346723357464
1.9364773498358154e-05 0.00020897293555789676
1.939066268058189e-05 0.00020891121827578546
1.941654157060683e-05 0.00020884952067798737
1.9442412601085328e-05 0.00020878784051983623
1.946827856611329e-05 0.0002087261737431477
1.9494142255969635e-05 0.00020866451520061557
1.952000612908894e-05 0.00020860285939686835
1.9545872037615326e-05 0.00020854120118180344
1.9571741017551827e-05 0.00020847953635652963
1.959761315373675e-05 0.00020841786216571276
1.9623487530957e-05 0.00020835617765162934
1.9649362281845336e-05 0.00020829448384539206
1.967523473639893e-05 0.00020823278376881985
1.970110166575193e-05 0.0002081710822310276
1.9726959595961967e-05 0.00020810938542435015
1.9752805150579895e-05 0.00020804770035578318
1.977863536939385e-05 0.00020798603418287903
1.9804447949616716e-05 0.00020792439354851838
1.9830241366783204e-05 0.00020786278401989725
1.985601485406831e-05 0.0002078012097246687
1.988176824621322e-05 0.00020773967324635295
1.990750172174805e-05 0.00020767817579342082
1.9933215498727055e-05 0.000207616717603748
1.9958909549750482e-05 0.00020755529849722856
1.998458339903342e-05 0.00020749391845751794
2.001023604764121e-05 0.00020743257811586813
2.0035866045683356e-05 0.0002073712790258385
2.0061471697492565e-05 0.0002073100236631327
2.0087051354375233e-05 0.00020724881514381024
2.011260372661244e-05 0.00020718765672087316
2.0138128137980477e-05 0.0002071265511773314
2.0163624655788415e-05 0.00020706550026139414
2.0189094056580134e-05 0.00020700450431369866
2.0214537626995037e-05 0.00020694356218866478
2.0239956841285672e-05 0.00020688267151023829
2.026535299023343e-05 0.00020682182921347853
2.0290726850930718e-05 0.0002067610322542754
2.0316078478295202e-05 0.0002067002783197533
2.034140716948134e-05 0.00020663956637139574
2.036671161019821e-05 0.00020657889689135872
2.03919901694468e-05 0.00020651827177133042
2.041724127803429e-05 0.00020645769387098167
2.0442463813691177e-05 0.00020639716634034827
2.0467657422875832e-05 0.00020633669184784778
2.0492822731512414e-05 0.00020627627185969624
2.0517961425399383e-05 0.00020621590609016735
2.0543076206880097e-05 0.00020615559219253413
2.0568170651298336e-05 0.0002060953257071521
2.059324899288307e-05 0.0002060351002395877
2.061831586727634e-05 0.00020597490781655223
2.064337603165365e-05 0.0002059147393603869
2.0668434077912736e-05 0.00020585458523344688
2.069349415260362e-05 0.0002057944358114308
2.071855969925477e-05 0.0002057342820583931
2.0743633242666418e-05 0.0002056741160724948
2.0768716237725933e-05 0.0002056139315708798
2.0793809004801022e-05 0.00020555372427001617
2.0818910768478067e-05 0.00020549349211596707
2.084401980626794e-05 0.00020543323532229776
2.0869133700214867e-05 0.00020537295619044854
2.089424966910644e-05 0.00020531265870988788
2.0919364944841925e-05 0.00020525234796966996
2.0944477146232682e-05 0.00020519202944350307
2.096958459966174e-05 0.0002051317082335767
2.0994686560440514e-05 0.00020507138837440667
2.1019783301895182e-05 0.00020501107229275659
2.1044876059786686e-05 0.00020495076050136216
2.1069966844344434e-05 0.00020489045156930202
2.109505815597528e-05 0.00020483014236677768
2.1120152658241013e-05 0.00020476982853568498
2.1145252868320557e-05 0.00020470950509650712
2.117036091870324e-05 0.0002046491670788103
2.1195478425169252e-05 0.00020458881006207158
2.122060646945105e-05 0.00020452843053714656
2.1245745676893222e-05 0.00020446802604414185
2.1270896347123594e-05 0.00020440759509759987
2.129605858506367e-05 0.00020434713696177234
2.1321232383259823e-05 0.00020428665137365784
2.134641762325405e-05 0.00020422613831921899
2.1371613988670723e-05 0.00020416559794788486
2.139682080886723e-05 0.00020410503066452257
2.142203687225847e-05 0.00020404443738663083
2.1447260257699445e-05 0.00020398381990498898
2.1472488228800074e-05 0.00020392318125395797
2.1497717221743677e-05 0.00020386252599832733
2.152294293693524e-05 0.00020380186035811113
2.154816052463771e-05 0.00020374119213432268
2.1573364840013935e-05 0.00020368053043640089
2.1598550736365318e-05 0.0002036198852467426
2.1623713366511116e-05 0.0002035592668781644
2.164884846811082e-05 0.00020349868538278512
2.1673952615240333e-05 0.00020343814996462428
2.1699023422583558e-05 0.00020337766843786173
2.1724059689210274e-05 0.00020331724676243834
2.1749061467660488e-05 0.00020325688868608888
2.177403004396632e-05 0.0002031965955228178
2.1798967818107208e-05 0.0002031363660956985
2.182387808362924e-05 0.0002030761968707176
2.1848764718623035e-05 0.00020301608229092785
2.187363181504185e-05 0.00020295601530035887
2.189848328546742e-05 0.00020289598801810638
2.192332249243203e-05 0.0002028359924977248
2.1948151943634667e-05 0.00020277602149049515
2.1972973087299536e-05 0.00020271606912346252
2.1997786227884605e-05 0.00020265613141536715
2.2022590566619018e-05 0.0002025962065729213
2.2047384356649377e-05 0.00020253629503907966
2.2072165150753805e-05 0.00020247639929839648
2.209693011112833e-05 0.00020241652346920588
2.212167634574084e-05 0.0002023566727400311
2.214640123419587e-05 0.00020229685271778292
2.2171102708278482e-05 0.000202237068764103
2.2195779458708956e-05 0.00020217732539312694
2.222043104992423e-05 0.00020211762579296425
2.2245057937853118e-05 0.0002020579715155922
2.2269661399572327e-05 0.0002019983623555363
2.22942433958459e-05 0.00020193879641269147
2.2318806395506656e-05 0.00020187927030800717
2.2343353192762356e-05 0.00020181977950220129
2.2367886744681546e-05 0.00020176031865689822
2.2392410047496373e-05 0.00020170088197993957
2.241692605918433e-05 0.00020164146350635723
2.2441437664697084e-05 0.00020158205729099363
2.2465947671369752e-05 0.00020152265750742263
2.2490458816764854e-05 0.00020146325847226684
2.2514973769876597e-05 0.0002014038546281592
2.2539495108840877e-05 0.00020134444052575043
2.256402526336682e-05 0.00020128501084164946
2.258856641727482e-05 0.00020122556046114556
2.2613120374922292e-05 0.00020116608464004412
2.2637688404052492e-05 0.00020110657924345132
2.2662271075458654e-05 0.00020104704104284207
2.2686868125564253e-05 0.00020098746803859369
2.2711478370135828e-05 0.0002009278597614947
2.273609969479267e-05 0.00020086821750153055
2.2760729140370764e-05 0.0002008085444104718
2.2785363088881914e-05 0.00020074884543496568
2.280999754031156e-05 0.00020068912705413153
2.2834628454319494e-05 0.00020062939682464337
2.2859252117054016e-05 0.0002005696627658468
2.2883865484998693e-05 0.0002005099326520092
2.290846645739711e-05 0.00020045021330024337
2.2933054037257747e-05 0.0002003905099507569
2.295762835721824e-05 0.00020033082583197082
2.2982190567691735e-05 0.00020027116197146588
2.3006742606385486e-05 0.0002002115172804811
2.3031286885946074e-05 0.00020015188889418653
2.3055825946431554e-05 0.00020009227271061344
2.3080362119969443e-05 0.0002000326640469105
2.310489724712294e-05 0.0001999730583186199
2.312943247111427e-05 0.00019991345165780786
2.3153968121153496e-05 0.0001998538414025655
2.3178503683355567e-05 0.00019979422642082273
2.3203037849241317e-05 0.00019973460725426426
2.3227568627804832e-05 0.00019967498609406442
2.325209350602517e-05 0.00019961536661020074
2.3276609642343422e-05 0.00019955575366579006
2.3301114076384606e-05 0.00019949615295033682
2.3325603935823854e-05 0.0001994365705663241
2.3350076618953656e-05 0.00019937701260802632
2.337452993135356e-05 0.00019931748477187983
2.3398962158850882e-05 0.0001992579920407911
2.3423372067444948e-05 0.0001991985384782076
2.3447758833023115e-05 0.00019913912715861445
2.3472121917032783e-05 0.00019907976023928603
2.3496460915562007e-05 0.00019902043915530007
2.3520775415394697e-05 0.00019896116489520263
2.354506488971341e-05 0.0001989019382959839
2.3569328657741173e-05 0.0001988427602914733
2.359356591852895e-05 0.000198783632056089
2.3617775852069305e-05 0.0001987245550098861
2.364195776492218e-05 0.0001986655306814647
2.3666111246142544e-05 0.00019860656046036262
2.3690236295299532e-05 0.0001985476452973159
2.371433338891012e-05 0.00019848878542673767
2.3738403463973282e-05 0.00019842998018205701
2.3762447815040946e-05 0.0001983712279587449
2.3786467920627398e-05 0.00019831252634645857
2.3810465231470675e-05 0.00019825387241556233
2.3834440963378245e-05 0.000198195263109633
2.3858395938606155e-05 0.00019813669566660919
2.3882330511448657e-05 0.0001980781679844397
2.390624459767624e-05 0.00019801967885228408
2.393013780706114e-05 0.0001979612279912439
2.3954009657768557e-05 0.00019790281588647624
2.397785983512886e-05 0.00019784444343209223
2.400168844829828e-05 0.00019778611144570177
2.4025496238334883e-05 0.0001977278201400201
2.4049284699927675e-05 0.00019766956864435484
2.4073056094614313e-05 0.00019761135466405191
2.4096813352573024e-05 0.0001975531743386716
2.412055987904082e-05 0.00019749502232443636
2.4144299296397292e-05 0.0001974368920879023
2.4168035161212253e-05 0.00019737877636194154
2.4191770696002943e-05 0.00019732066769286016
2.4215508568827135e-05 0.00019726255899904163
2.4239250742577847e-05 0.00019720444406949936
2.4262998403021243e-05 0.00019714631794571016
2.428675196340903e-05 0.00019708817715767546
2.431051113585519e-05 0.00019703001980405158
2.4334275056083573e-05 0.00019697184548793031
2.4358042447615897e-05 0.0001969136551289198
2.4381811811993845e-05 0.0001968554506773211
2.4405581631458217e-05 0.00019679723475952288
2.4429350568729305e-05 0.0001967390102820439
2.445311764582303e-05 0.00019668078002634676
2.4476882381863483e-05 0.00019662254626827413
2.4500644870797738e-05 0.00019656431046169778
2.4524405785192256e-05 0.00019650607302353768
2.454816630192712e-05 0.00019644783325180673
2.4571927958050447e-05 0.0001963895893937681
2.4595692457523576e-05 0.000196331338858758
2.4619461458948414e-05 0.00019627307854870948
2.4643236378065285e-05 0.0001962148052552619
2.4667018235647004e-05 0.00019615651606069012
2.469080757180016e-05 0.0001960982086788715
2.4714604433717677e-05 0.00019603988168498745
2.4738408428588614e-05 0.00019598153460412618
2.476221882012191e-05 0.000195923167863557
2.4786034638864713e-05 0.0001958647826368655
2.480985477505999e-05 0.00019580638063491917
2.4833678028536346e-05 0.0001957479639051289
2.485750310198021e-05 0.00019568953469566164
2.488132853921804e-05 0.00019563109542390655
2.490515262551959e-05 0.0001955726487574
2.4928973278770253e-05 0.00019551419778708612
2.4952787965734234e-05 0.00019545574624535433
2.49765936750891e-05 0.00019539729870470327
2.5000386968848893e-05 0.000195338860691896
2.5024164118508415e-05 0.00019528043866511718
2.504792131518537e-05 0.00019522203982834385
2.5071654928129444e-05 0.0001951636717842306
2.5095361776375583e-05 0.00019510534206513067
2.511903937569677e-05 0.00019504705759985919
2.5142686127407342e-05 0.00019498882418907126
2.516630142530678e-05 0.00019493064606265764
2.518988566959673e-05 0.00019487252557630688
2.5213440189298295e-05 0.0001948144630831393
2.5236967085285862e-05 0.00019475645699191732
2.526046901332762e-05 0.00019469850399706293
2.5283948930264778e-05 0.00019464059944943046
2.5307409827193158e-05 0.00019458273782490057
2.5330854472280315e-05 0.0001945249132426323
2.535428518349914e-05 0.00019446711998885938
2.5377703648791724e-05 0.00019440935300298404
2.5401110807945186e-05 0.000194351608288644
2.5424506806555394e-05 0.00019429388321738628
2.544789102731122e-05 0.00019423617669965185
2.5471262197245737e-05 0.00019417848920419423
2.5494618561753637e-05 0.00019412082262163996
2.5517958108033506e-05 0.00019406317998173217
2.5541278813572973e-05 0.00019400556505130145
2.5564578891079263e-05 0.00019394798185679366
2.5587857001217256e-05 0.00019389043418707036
2.5611112409233413e-05 0.00019383292513381126
2.563434507044245e-05 0.00019377545672374236
2.565755564095269e-05 0.00019371802968000396
2.568074542152556e-05 0.0001936606433315946
2.570391625170197e-05 0.00019360329566371973
2.572707037648088e-05 0.0001935459834854457
2.5750210308273057e-05 0.0001934887026733556
2.577333870300162e-05 0.0001934314484465932
2.579645826250735e-05 0.00019337421563102655
2.5819571667453245e-05 0.00019331699888082074
2.5842681537465672e-05 0.00019325979283949316
2.586579040945749e-05 0.00019320259224147804
2.5888900721818454e-05 0.00019314539196503208
2.5912014791670386e-05 0.00019308818706199188
2.593513477469186e-05 0.00019303097278906486
2.5958262601619213e-05 0.00019297374466649767
2.5981399891767663e-05 0.0001929164985818889
2.600454785064028e-05 0.0001928592309416756
2.6027707164690426e-05 0.0001928019388646937
2.60508779102414e-05 0.00019274462039393925
2.6074059494441452e-05 0.000192687274697817
2.609725064363223e-05 0.0001926299022245205
2.6120449448849486e-05 0.00019257250477746485
2.6143653470630845e-05 0.00019251508548625076
2.6166859897138595e-05 0.00019245764866151344
2.6190065742440393e-05 0.00019240019953648685
2.621326806648753e-05 0.00019234274391400838
2.623646419548468e-05 0.00019228528774905412
2.6259651920831392e-05 0.0001922278367076577
2.628282965642661e-05 0.0001921703957459206
2.6305996537552835e-05 0.00019211296875146916
2.6329152449671978e-05 0.0001920555582862124
2.6352297982036636e-05 0.00019199816545769494
2.6375434308768983e-05 0.00019194078993643726
2.639856300833391e-05 0.00019188343012106063
2.642168584008642e-05 0.00019182608343731172
2.644480450255454e-05 0.00019176874674173977
2.6467920401129148e-05 0.00019171141678749754
2.6491034452005448e-05 0.00019165409069972147
2.6514146944387838e-05 0.00019159676640649256
2.653725747482137e-05 0.00019153944297473774
2.6560364957368173e-05 0.000191482120814105
2.658346770296108e-05 0.00019142480173009804
2.6606563552540875e-05 0.00019136748882846513
2.6629650042780595e-05 0.0001913101862936195
2.6652724581220306e-05 0.0001912528990795602
2.6675784609353103e-05 0.00019119563255888886
2.669882773696669e-05 0.0001911383921772286
2.6721851837542595e-05 0.00019108118315073683
2.674485510148623e-05 0.00019102401023485954
2.6767836050080494e-05 0.00019096687757617567
2.6790793517591255e-05 0.00019090978864587382
2.6813726611596404e-05 0.00019085274624577528
2.683663466251852e-05 0.00019079575256669354
2.6859517172883283e-05 0.00019073880927877873
2.6882373775383096e-05 0.0001906819176323779
2.6905204206625236e-05 0.000190625078549108
2.6928008300485388e-05 0.00019056829268671374
2.6950786001363728e-05 0.00019051156046884926
2.6973537393486126e-05 0.0001904548820744617
2.6996262738325834e-05 0.00019039825739308736
2.701896250910613e-05 0.00019034168595912643
2.7041637410144805e-05 0.0001902851668842201
2.7064288370403494e-05 0.0001902286988127097
2.7086916505071933e-05 0.00019017227992034272
2.7109523045756166e-05 0.0001901159079720459
2.7132109247501006e-05 0.00019005958044147897
2.7154676287498785e-05 0.00019000329468254681
2.717722517431653e-05 0.0001899470481281744
2.7199756686508216e-05 0.00018989083848277438
2.7222271355460567e-05 0.00018983466387149928
2.724476949985541e-05 0.00018977852291359593
2.7267251309836953e-05 0.0001897224146971306
2.728971696958636e-05 0.0001896663386521391
2.7312166799385714e-05 0.00018961029433345322
2.7334601393720206e-05 0.00018955428114648953
2.7357021731393014e-05 0.0001894982980576547
2.7379429237094334e-05 0.00018944234333922658
2.7401825780937832e-05 0.00018938641439342555
2.7424213612009693e-05 0.00018933050769069995
2.744659523243443e-05 0.00018927461883835872
2.7468973228070665e-05 0.00018921874277792392
2.7491350078929687e-05 0.00018916287408614688
2.751372797560124e-05 0.00018910700734188837
2.7536108666717885e-05 0.0001890511375084447
2.7558493357269713e-05 0.00018899526028017324
2.758088266942813e-05 0.00018893937234893896
2.7603276668183592e-05 0.00018888347155740504
2.7625674945196406e-05 0.00018882755692449169
2.764807674722562e-05 0.00018877162854588625
2.7670481131167355e-05 0.00018871568738910993
2.7692887126169367e-05 0.0001886597350140018
2.7715293884224873e-05 0.00018860377325748481
2.773770080338964e-05 0.00018854780392085768
2.7760107611714155e-05 0.0001884918284958577
2.778251440462821e-05 0.0001884358479561643
2.780492163350662e-05 0.00018837986263503526
2.782733004822363e-05 0.0001883238721957399
2.7849740601367166e-05 0.0001882678756958689
2.7872154326017274e-05 0.0001882118717325132
2.7894572202140038e-05 0.00018815585865081946
2.7916995028172533e-05 0.00018809983478823566
2.7939423313811695e-05 0.00018804379872467553
2.7961857207194474e-05 0.00018798774950573582
2.7984296464564017e-05 0.00018793168681054476
2.8006740463802977e-05 0.00018787561104361555
2.8029188255768927e-05 0.00018781952334130658
2.8051638640685477e-05 0.00018776342549971237
2.807409025227327e-05 0.00018770731984190867
2.809654163121663e-05 0.00018765120905759464
2.8118991272424747e-05 0.00018759509604827224
2.8141437637152832e-05 0.00018753898381407286
2.8163879130096802e-05 0.00018748287540332545
2.818631405109414e-05 0.00018742677393259605
2.8208740538811863e-05 0.00018737068266810528
2.8231156527828938e-05 0.00018731460513821824
2.8253559739628978e-05 0.00018725854524068858
2.8275947722313306e-05 0.0001872025073010597
2.8298317944338967e-05 0.00018714649604814268
2.8320667936438394e-05 0.00018709051648501882
2.8342995465299368e-05 0.00018703457365682602
2.836529871491088e-05 0.00018697867233518836
2.8387576448018616e-05 0.00018692281666148752
2.8409828121743338e-05 0.0001868670097985234
2.8432053937445264e-05 0.00018681125364663348
2.8454254814445534e-05 0.00018675554866975572
2.847643228837023e-05 0.00018669989386334643
2.8498588345724672e-05 0.00018664428687373627
2.8520725215106607e-05 0.00018658872425796058
2.8542845140792312e-05 0.00018653320185089972
2.8564950165654235e-05 0.00018647771519571255
2.8587041947666612e-05 0.0001864222599845984
2.8609121628392318e-05 0.0001863668324591887
2.8631189764200912e-05 0.00018631142972897266
2.8653246322899945e-05 0.00018625604997709808
2.867529074129818e-05 0.00018620069254058486
2.8697322033640473e-05 0.00018614535786439304
2.8719338937223e-05 0.00018609004734329235
2.8741340079621915e-05 0.00018603476307383834
2.876332415149843e-05 0.00018597950754658393
2.878529006952127e-05 0.0001859242833089983
2.8807237115488625e-05 0.00018586909263216753
2.8829165040125766e-05 0.00018581393721159994
2.8851074123480745e-05 0.0001857588179259191
2.887296518822333e-05 0.00018570373467507312
2.8894839567211073e-05 0.00018564868630800702
2.8916699031806105e-05 0.00018559367064247684
2.893854569182067e-05 0.00018553868456855013
2.8960381880815636e-05 0.00018548372421919868
2.8982210041171963e-05 0.00018542878518230596
2.900403262164897e-05 0.00018537386272734005
2.9025851996317106e-05 0.00018531895201717025
2.9047670408478858e-05 0.00018526404828623014
2.9069489937505173e-05 0.00018520914696998
2.9091312481617933e-05 0.00018515424378699047
2.911313974656828e-05 0.00018509933478269916
2.9134973229649745e-05 0.00018504441635285376
2.9156814190756753e-05 0.00018498948526877307
2.917866360678302e-05 0.00018493453872319224
2.9200522111624783e-05 0.00018487957440868272
2.922238993001116e-05 0.0001848245906285878
2.924426681789752e-05 0.0001847695864300898
2.9266152024150576e-05 0.0001847145617362815
2.9288044287070764e-05 0.00018465951745121056
2.930994187514928e-05 0.000184604455506953
2.93318426750958e-05 0.00018454937883153472
2.93537443228765e-05 0.00018449429122416316
2.937564436656926e-05 0.00018443919713899762
2.9397540444583488e-05 0.00018438410139152983
2.9419430459870776e-05 0.00018432900881684006
2.9441312730615277e-05 0.00018427392391448527
2.9463186100352497e-05 0.00018421885051986275
2.9485049995059877e-05 0.0001841637915401262
2.950690442088525e-05 0.0001841087487840995
2.952874990290592e-05 0.0001840537229057075
2.9550587371934673e-05 0.0001839987134660999
2.9572418011988834e-05 0.00018394371910845225
2.959424308503603e-05 0.00018388873782365298
2.961606375154839e-05 0.0001838337672781555
2.9637880905086615e-05 0.00018377880516950648
2.9659695036813966e-05 0.00018372384957109772
2.9681506141895186e-05 0.0001836688992338624
2.9703313674787218e-05 0.00018361395381507467
2.972511655507259e-05 0.00018355901401472668
2.974691322025909e-05 0.00018350408161126736
2.976870171742348e-05 0.00018344915939788944
2.9790479822004125e-05 0.00018339425103166065
2.9812245169873937e-05 0.00018333936081543767
2.9833995388253505e-05 0.00018328449344105074
2.9855728212235065e-05 0.00018322965372116404
2.9877441576585144e-05 0.00018317484633905562
2.9899133676734347e-05 0.0001831200756399129
2.9920802997776726e-05 0.00018306534547918307
2.994244831511145e-05 0.00018301065913594455
2.996406867414421e-05 0.00018295601928647667
2.9985663358606837e-05 0.00018290142802980525
3.0007231857243683e-05 0.0001828468869441366
3.002877383695206e-05 0.0001827923971580367
3.005028912746463e-05 0.00018273795941587193
3.0071777719016266e-05 0.00018268357412455638
3.009323977089506e-05 0.00018262924137392791
3.0114675625982223e-05 0.00018257496093341055
3.0136085824751627e-05 0.0001825207322289739
3.0157471111910665e-05 0.00018246655431554057
3.0178832429914172e-05 0.00018241242585662412
3.020017089572777e-05 0.0001823583451251165
3.0221487760135725e-05 0.00018230431003436742
3.024278435210122e-05 0.00018225031820259807
3.0264062013739355e-05 0.00018219636704954606
3.0285322033801317e-05 0.0001821424539157103
3.0306565588816573e-05 0.00018208857619148033
3.0327793700905167e-05 0.00018203473143885152
3.0349007219624482e-05 0.00018198091748798662
3.037020683224953e-05 0.0001819271324932266
3.039139310287382e-05 0.00018187337493633798
3.041256653629337e-05 0.0001818196435727712
3.0433727658352394e-05 0.0001817659373248466
3.045487710113177e-05 0.00018171225513314085
3.0476015679586153e-05 0.0001816585957881492
3.0497144446507736e-05 0.00018160495776555277
3.0518264715185686e-05 0.00018155133909410204
3.0539378043553026e-05 0.00018149773727771032
3.0560486179403674e-05 0.00018144414929099906
3.058159097238561e-05 0.00018139057165250314
3.060269426391172e-05 0.00018133700057144236
3.062379776979803e-05 0.0001812834321505384
3.064490297172073e-05 0.00018122986261875224
3.066601103224175e-05 0.0001811762885640597
3.068712274450328e-05 0.00018112270713337847
3.0708238522421606e-05 0.0001810691161752767
3.0729358431315515e-05 0.00018101551430655533
3.075048225325985e-05 0.00018096190089713152
3.0771609576965315e-05 0.0001809082759766309
3.0792739899173064e-05 0.000180854640080403
3.0813872723646556e-05 0.00018080099405702946
3.08350076449195e-05 0.0001807473388650456
3.0856144406686686e-05 0.00018069367538729383
3.087728292870192e-05 0.0001806400042852173
3.089842330065106e-05 0.00018058632591111054
3.091956574601279e-05 0.0001805326402854468
3.094071056277648e-05 0.0001804789471374288
3.096185805044987e-05 0.00018042524599919813
3.0983008433831166e-05 0.00018037153633689018
3.100416179348787e-05 0.00018031781769916808
3.102531801102611e-05 0.00018026408986166614
3.1046476734533246e-05 0.00018021035295035306
3.10676373664623e-05 0.0001801566075287607
3.1088799073144036e-05 0.00018010285464261505
3.110996081242531e-05 0.00018004909581939912
3.113112137379298e-05 0.0001799953330285202
3.115227942401862e-05 0.00017994156861025207
3.117343355094319e-05 0.00017988780518903014
3.1194582298762986e-05 0.00017983404558280514
3.1215724190000216e-05 0.00017978029272535181
3.123685773228646e-05 0.00017972654961146556
3.1257981411642196e-05 0.00017967281927042458
3.127909367753253e-05 0.00017961910476902918
3.130019292791206e-05 0.00017956540923612027
3.13212775038291e-05 0.00017951173589411326
3.134234570262103e-05 0.00017945808808150082
3.136339581597565e-05 0.0001794044692462575
3.138442619458234e-05 0.00017935088289469311
3.140543533554051e-05 0.00017929733248856286
3.1426421983114854e-05 0.00017924382129096486
3.144738522907942e-05 0.00017919035217481977
3.146832459669389e-05 0.00017913692741723317
3.148924009297485e-05 0.0001790835485097446
3.1510132217402914e-05 0.00017903021601603508
3.153100192110263e-05 0.00017897692950624364
3.155185051784911e-05 0.0001789236875840254
3.1572679555675636e-05 0.00017887048801351613
3.159349066411015e-05 0.00017881732793411861
3.1614285395898773e-05 0.00017876420414171187
3.16350650829783e-05 0.00017871111339955517
3.165583072424899e-05 0.00017865805274379712
3.167658291794055e-05 0.00017860501974320542
3.169732184503345e-05 0.00017855201268405368
3.171804730334712e-05 0.0001784990306598032
3.1738758785739285e-05 0.00017844607355856773
3.1759455591050704e-05 0.00017839314195480793
3.178013695358242e-05 0.0001783402369225362
3.180080217602697e-05 0.0001782873597961608
3.182145075170861e-05 0.00017823451190801878
3.1842082464439985e-05 0.0001781816943331252
3.186269745768338e-05 0.0001781289076676594
3.18832962687187e-05 0.00017807615186129708
3.19038798274666e-05 0.00017802342611552419
3.192444942332538e-05 0.00017797072885375465
3.194500664625274e-05 0.0001779180577583632
3.196555331028342e-05 0.0001778654098651758
3.198609136848395e-05 0.00017781278170094297
3.20066228280357e-05 0.00017776016944574466
3.202714967283588e-05 0.00017770756910266
3.204767379890755e-05 0.00017765497665804542
3.2068196965336116e-05 0.00017760238821966715
3.208872076068584e-05 0.00017754980012564883
3.2109246582334155e-05 0.00017749720902050792
3.212977562422466e-05 0.0001774446119034781
3.215030886758023e-05 0.00017739200615553286
3.2170847069410734e-05 0.00017733938955702758
3.219139074520244e-05 0.00017728676030757257
3.2211940144888684e-05 0.00017723411705487108
3.22324952244398e-05 0.0001771814589399852
3.225305561866272e-05 0.00017712878565390167
3.227362062309961e-05 0.00017707609749927425
3.229418919369124e-05 0.00017702339544184084
3.2314759971758636e-05 0.00017697068113555967
3.233533133881269e-05 0.00017691795690292014
3.235590150125377e-05 0.00017686522566100205
3.237646859991977e-05 0.00017681249078473418
3.2397030834640324e-05 0.0001767597559153289
3.241758659040109e-05 0.000176707024726077
3.2438134550066737e-05 0.00017665430067097948
3.245867377928503e-05 0.0001766015867437805
3.247920377208848e-05 0.00017654888527803697
3.249972445046198e-05 0.00017649619781483564
3.252023611697768e-05 0.0001764435250556813
3.254073936559392e-05 0.00017639086690944897
3.256123496098287e-05 0.0001763382226283687
3.258172370043396e-05 0.0001762855910169489
3.26022062740617e-05 0.00017623297069033206
3.262268313849615e-05 0.00017618036035075765
3.2643154416807594e-05 0.00017612775905244404
3.26636198335484e-05 0.0001760751664259784
3.268407868923931e-05 0.0001760225828412905
3.2704529874030345e-05 0.00017597000949486422
3.272497191626996e-05 0.00017591744841824117
3.27454030586386e-05 0.00017586490241102565
3.276582135257095e-05 0.00017581237491141877
3.278622476091825e-05 0.00017575986982076852
3.280661125912468e-05 0.00017570739130125593
3.282697892638716e-05 0.00017565494356889394
3.284732602027317e-05 0.00017560253069755227
3.286765103070527e-05 0.00017555015645247599
3.2887952711966235e-05 0.00017549782416041368
3.29082300939743e-05 0.00017544553662482767
3.2928482476341737e-05 0.00017539329608335513
3.2948709410294835e-05 0.00017534110420459187
3.296891067420077e-05 0.0001752889621142624
3.298908624821291e-05 0.00017523687044086744
3.300923629239515e-05 0.00017518482936790258
3.302936113088185e-05 0.00017513283868373503
3.304946124247957e-05 0.0001750808978214398
3.306953725598516e-05 0.0001750290058857261
3.308958994680255e-05 0.00017497716166859495
3.31096202305618e-05 0.00017492536365848466
3.312962914953736e-05 0.0001748736100521779
3.314961784886503e-05 0.00017482189877654833
3.31695875416258e-05 0.00017477022752901417
3.318953946446256e-05 0.00017471859383880184
3.320947482794375e-05 0.00017466699514859935
3.322939476787599e-05 0.00017461542891063567
3.324930030468033e-05 0.00017456389268581327
3.3269192317531105e-05 0.00017451238423260226
3.32890715382615e-05 0.00017446090157239788
3.330893856729736e-05 0.00017440944301992667
3.3328793910582136e-05 0.0001743580071699273
3.3348638033207004e-05 0.00017430659284188577
3.33684714227227e-05 0.0001742551989856074
3.3388294653390174e-05 0.0001742038245615106
3.340810844213511e-05 0.00017415246841033516
3.342791368780546e-05 0.00017410112913105596
3.344771148736096e-05 0.0001740498049854003
3.34675031256039e-05 0.00017399849384377303
3.348729003856122e-05 0.00017394719318139865
3.3507073754209245e-05 0.00017389590012872186
3.352685581733119e-05 0.0001738446115718724
3.354663770749933e-05 0.00017379332429104388
3.356642076009747e-05 0.0001737420351223297
3.358620609988802e-05 0.00017369074112280267
3.360599459482392e-05 0.00017363943971976728
3.362578683504936e-05 0.00017358812882573363
3.3645583138614274e-05 0.00017353680690810128
3.366538358191359e-05 0.00017348547300440748
3.368518804974248e-05 0.00017343412668556143
3.3704996297478126e-05 0.00017338276797326801
3.372480801659053e-05 0.00017333139722439106
3.374462289463497e-05 0.00017328001500062015
3.376444066196702e-05 0.00017322862193961883
3.378426111957116e-05 0.0001731772186461776
3.380408414528618e-05 0.0001731258056163025
3.382390967886507e-05 0.00017307438320253443
3.3843737689311655e-05 0.00017302295162294895
3.386356813031681e-05 0.00017297151100814645
3.388340089100001e-05 0.0001729200614795541
3.390323574944736e-05 0.0001728686032415848
3.392307233561757e-05 0.0001728171366774528
3.39429101084427e-05 0.00017276566243071625
3.396274834947068e-05 0.00017271418146300177
3.398258617290952e-05 0.00017266269508128124
3.400242254949157e-05 0.0001726112049311411
3.402225633985025e-05 0.00017255971296092562
3.4042086332063735e-05 0.000172508221363072
3.40619112779859e-05 0.00017245673250283408
3.4081729923800365e-05 0.00017240524884581943
3.4101541031813633e-05 0.00017235377289375603
3.412134339252226e-05 0.0001723023071352331
3.414113582817455e-05 0.00017225085401584642
3.416091719088343e-05 0.00017219941592636762
3.41806863596745e-05 0.0001721479952031986
3.4200442241241265e-05 0.00017209659413562964
3.422018377872253e-05 0.00017204521496840333
3.423990997140496e-05 0.00017199385989169133
3.4259619906237215e-05 0.00017194253101110446
3.427931279957838e-05 0.00017189123029366302
3.4298988045233584e-05 0.00017183995949121914
3.431864526273449e-05 0.00017178872004640355
3.433828433856842e-05 0.00017173751299193185
3.435790545280487e-05 0.00017168633885696408
3.437750908456204e-05 0.00017163519759589435
3.4397095991970445e-05 0.000171584088553247
3.4416667165551805e-05 0.00017153301047695413
3.4436223757753564e-05 0.00017148196158417797
3.445576699520988e-05 0.00017143093967854003
3.4475298083410166e-05 0.0001713799423088483
3.449481811528608e-05 0.00017132896695308195
3.451432799532095e-05 0.000171278011206831
3.453382838908571e-05 0.00017122707295200157
3.455331970486586e-05 0.0001711761504861048
3.457280210971694e-05 0.0001711252425931828
3.459227557769812e-05 0.00017107434854975873
3.461173996379536e-05 0.00017102346806307026
3.463119509390765e-05 0.00017097260115188015
3.46506408595618e-05 0.00017092174798464047
3.4670077305968286e-05 0.00017087090869708638
3.468950470348222e-05 0.00017082008321095757
3.470892359523276e-05 0.00017076927107579493
3.472833481706886e-05 0.0001707184713511216
3.474773948956964e-05 0.0001706676825396075
3.476713898513234e-05 0.0001706169025753497
3.4786534875646916e-05 0.00017056612886496084
3.480592886776506e-05 0.00017051535837190462
3.4825322733179075e-05 0.00017046458773271878
3.484471824074092e-05 0.00017041381339006137
3.486411709587187e-05 0.00017036303172821704
3.4883520890893506e-05 0.0001703122392000926
3.4902931067891316e-05 0.00017026143243465547
3.492234889382407e-05 0.00017021060832181356
3.494177544604028e-05 0.0001701597640724646
3.4961211605322775e-05 0.000170108897256889
3.4980658053149393e-05 0.00017005800582594113
3.500011527011342e-05 0.00017000708812246745
3.501958353333751e-05 0.0001699561428882522
3.503906291206488e-05 0.00016990516927271535
3.5058553262269876e-05 0.00016985416684448668
3.5078054222731304e-05 0.0001698031356065985
3.509756521620554e-05 0.00016975207601024542
3.511708545988794e-05 0.00016970098896165742
3.513661398899782e-05 0.0001696498758129647
3.515614969600556e-05 0.00016959873832949474
3.517569138598147e-05 0.00016954757862712444
3.519523784586472e-05 0.00016949639907615222
3.521478792276959e-05 0.0001694452021741115
3.523434060404598e-05 0.00016939399039432243
3.5253895090225934e-05 0.0001693427660228175
3.5273450851627136e-05 0.000169291531000728
3.5293007660297204e-05 0.00016924028678949252
3.53125655913942e-05 0.00016918903427797297
3.5332124991511797e-05 0.00016913777374534186
3.535168641563401e-05 0.00016908650488831056
3.5371250538534076e-05 0.00016903522691374614
3.539081804996354e-05 0.00016898393868814213
3.5410389545298147e-05 0.000168932638930145
3.542996542393848e-05 0.00016888132642389406
3.544954580677439e-05 0.00016883000022962363
3.546913048141822e-05 0.0001687786598677729
3.5488718880287414e-05 0.00016872730545684778
3.550831009253335e-05 0.00016867593779117465
3.5527902906832384e-05 0.00016862455835163145
3.554749587885574e-05 0.00016857316925193017
3.556708741502361e-05 0.00016852177312936742
3.558667586329007e-05 0.0001684703729946009
3.5606259601967165e-05 0.00016841897205768092
3.562583711899953e-05 0.00016836757354966522
3.56454070761488e-05 0.00016831618055471176
3.566496835504924e-05 0.0001682647958676821
3.568452008454991e-05 0.00016821342188402116
3.570406165095205e-05 0.00016816206052648608
3.5723592694318466e-05 0.00016811071320777665
3.574311309497838e-05 0.00016805938082353755
3.5762622954498574e-05 0.00016800806376916777
3.578212257491371e-05 0.00016795676197266587
3.5801612439045805e-05 0.0001679054749339562
3.58210931934607e-05 0.00016785420176544316
3.5840565634249267e-05 0.00016780294122882566
3.586003069463936e-05 0.0001677516917658363
3.587948943253976e-05 0.0001677004515253204
3.589894301572533e-05 0.00016764921838743896
3.591839270249912e-05 0.00016759798999168435
3.5937839816402494e-05 0.00016754676377152972
3.595728571472791e-05 0.0001674955369999967
3.597673175205967e-05 0.0001674443068475466
3.599617924160636e-05 0.000167393070451511
3.601562941831631e-05 0.00016734182499229464
3.6035083408415005e-05 0.00016729056776950899
3.605454220992079e-05 0.00016723929627001505
3.607400668771382e-05 0.00016718800821776889
3.609347758501468e-05 0.00016713670159824653
3.61129555509358e-05 0.00016708537465111653
3.6132441181323854e-05 0.00016703402583070556
3.615193506798124e-05 0.0001669826537366373
3.6171437849810435e-05 0.0001669312570225165
3.619095025875512e-05 0.00016687983429430897
3.621047315378291e-05 0.00016682838401233663
3.623000753761411e-05 0.00016677690441044973
3.624955455309818e-05 0.00016672539344539383
3.6269115458950195e-05 0.00016667384878382013
3.628869158737668e-05 0.00016662226783113396
3.630828428863315e-05 0.00016657064779994
3.632789486928337e-05 0.00016651898580995195
3.634752453163309e-05 0.0001664672790072999
3.6367174321456e-05 0.00016641552469026655
3.638684508972691e-05 0.0001663637204247885
3.64065374719608e-05 0.00016631186413823898
3.642625188625542e-05 0.00016625995418124637
3.644598854866539e-05 0.00016620798935241404
3.646574750239358e-05 0.00016615596888604894
3.648552865578997e-05 0.00016610389240849163
3.650533182341103e-05 0.00016605175986975432
3.652515676446813e-05 0.0001659995714630262
3.654500321377326e-05 0.00016594732754375563
3.656487090175979e-05 0.00016589502855719404
3.65847595618741e-05 0.0001658426749857403
3.6604668925623474e-05 0.00016579026731942947
3.662459870733802e-05 0.0001657378060514053
3.664454858212956e-05 0.00016568529169721374
3.666451816139715e-05 0.00016563272483072558
3.6684506970439163e-05 0.00016558010613003035
3.6704514432207464e-05 0.00016552743642396506
3.672453986023689e-05 0.00016547471673042033
3.674458246225898e-05 0.00016542194827928042
3.676464135438419e-05 0.0001653691325157504
3.678471558415925e-05 0.0001653162710819646
3.680480415948419e-05 0.0001652633657794854
3.682490607964388e-05 0.00016521041851635249
3.684502036447301e-05 0.00016515743124766863
3.686514607820918e-05 0.0001651044059151549
3.68852823456199e-05 0.00016505134439494945
3.690542835948543e-05 0.00016499824845848596
3.69255833801472e-05 0.00016494511975013657
3.69457467293473e-05 0.00016489195978162952
3.696591778165656e-05 0.0001648387699394703
3.698609595725379e-05 0.00016478555150030091
3.700628071953992e-05 0.00016473230564673091
3.702647158010746e-05 0.00016467903347609086
3.704666811207726e-05 0.000164625735996779
3.706686997103663e-05 0.00016457241410719817
3.7087076921082045e-05 0.00016451906855865714
3.710728886202131e-05 0.00016446569990473392
3.712750585299744e-05 0.00016441230844388421
3.714772812768474e-05 0.0001643588941647907
3.716795609695286e-05 0.00016430545670401142
3.7188190336380206e-05 0.00016425199532572876
3.720843155801794e-05 0.00016419850892948964
3.722868056815416e-05 0.00016414499609075997
3.7248938215047136e-05 0.000164091455131906
3.726920533242344e-05 0.0001640378842181836
3.7289482685578506e-05 0.0001639842814685523
3.730977092703858e-05 0.00016393064506972643
3.7330070567810306e-05 0.0001638769733772437
3.735038196846496e-05 0.00016382326499263938
3.7370705351800076e-05 0.00016376951880517354
3.739104083606807e-05 0.000163715733992386
3.741138848508329e-05 0.00016366190997754368
3.7431748369297726e-05 0.00016360804635072793
3.745212063054623e-05 0.00016355414276045255
3.7472505542677154e-05 0.0001635001987911923
3.74929035608904e-05 0.00016344621384126873
3.7513315354113074e-05 0.00016339218701497474
3.753374181693342e-05 0.0001633381170438701
3.755418406019862e-05 0.00016328400224422876
3.757464338193769e-05 0.00016322984051563016
3.759512122243324e-05 0.0001631756293801849
3.761561910878275e-05 0.0001631213660552057
3.7636138594908286e-05 0.00016306704755203807
3.7656681202806416e-05 0.0001630126707875025
3.767724836984697e-05 0.0001629582326983757
3.769784140546635e-05 0.00016290373034698671
3.7718461458907924e-05 0.00016284916101045807
3.773910949803518e-05 0.00016279452224943897
3.775978629786202e-05 0.0001627398119546583
3.7780492436637285e-05 0.0001626850283734868
3.78012282969275e-05 0.0001626301701205847
3.782199406940438e-05 0.0001625752361773397
3.784278975763534e-05 0.00016252022588686757
3.7863615183158666e-05 0.00016246513894607392
3.788446999110886e-05 0.00016240997540003382
3.790535365759132e-05 0.00016235473563603817
3.79262655006408e-05 0.00016229942037755338
3.794720469677404e-05 0.00016224403067264387
3.796817030486526e-05 0.00016218856787430722
3.798916129826195e-05 0.00016213303360639378
3.801017660494501e-05 0.00016207742971446198
3.803121515408039e-05 0.00016202175819781187
3.8052275926008625e-05 0.0001619660211264369
3.8073358001463584e-05 0.00016191022054696386
3.809446060509335e-05 0.00016185435838298595
3.811558313819581e-05 0.00016179843634220314
3.813672519608272e-05 0.00016174245583732566
3.815788656673051e-05 0.0001616864179332135
3.8179067209258126e-05 0.00016163032332691674
3.820026721301608e-05 0.00016157417236642088
3.8221486740496363e-05 0.000161517965108441
3.8242725959514864e-05 0.00016146170141187813
3.826398497170228e-05 0.00016140538105790386
3.8285263745190046e-05 0.0001613490038855775
3.8306562059134134e-05 0.00016129256992615873
3.832787946650468e-05 0.00016123607952255384
3.83492152794597e-05 0.00016117953341910837
3.837056857899375e-05 0.00016112293281096007
3.839193824766081e-05 0.00016106627934686646
3.841332302161747e-05 0.0001610095750851602
3.843472155617113e-05 0.00016095282240771377
3.8456132497841806e-05 0.00016089602390198868
3.8477554555750365e-05 0.0001608391822231249
3.849898656586786e-05 0.00016078229995096852
3.8520427543132215e-05 0.00016072537945635568
3.8541876718429316e-05 0.0001606684227864856
3.8563333559526107e-05 0.00016061143157818786
3.858479777697516e-05 0.0001605544070029108
3.8606269317501876e-05 0.00016049734974219604
3.862774834821506e-05 0.00016044025999070038
3.8649235235232107e-05 0.00016038313748059987
3.8670730519931955e-05 0.0001603259815195178
3.8692234895269497e-05 0.00016026879103648445
3.871374918362666e-05 0.0001602115646288961
3.8735274316642766e-05 0.00016015430060844008
3.875681131661978e-05 0.0001600969970415693
3.8778361278526396e-05 0.00016003965178842602
3.879992535138234e-05 0.0001599822625375745
3.8821504717889485e-05 0.00015992482684286727
3.884310057167034e-05 0.00015986734216242443
3.886471409209101e-05 0.000159809805902425
3.888634641755584e-05 0.00015975221546597404
3.890799861893239e-05 0.00015969456830629974
3.892967167545823e-05 0.0001596368619807935
3.895136645585844e-05 0.00015957909420309321
3.897308370731962e-05 0.00015952126288613575
3.899482405447087e-05 0.00015946336617196633
3.901658800955637e-05 0.00015940540244419044
3.903837599367668e-05 0.00015934737031765914
3.906018836755919e-05 0.00015928926860660914
3.908202546889244e-05 0.00015923109627247883
3.9103887652144965e-05 0.00015917285235439796
3.912577532613856e-05 0.00015911453589307484
3.9147688984609894e-05 0.0001590561458528865
3.916962922558444e-05 0.00015899768105554282
3.919159675665994e-05 0.00015893914013151086
3.9213592384987606e-05 0.0001588805214981573
3.9235616992676195e-05 0.00015882182336763792
3.925767150026583e-05 0.0001587630437846245
3.9279756822454276e-05 0.00015870418069182865
3.93018738212319e-05 0.00015864523201445865
3.9324023261813176e-05 0.00015858619575514002
3.93462057761845e-05 0.00015852707008882916
3.936842183789296e-05 0.00015846785344573663
3.939067175000493e-05 0.00015840854457592132
3.941295564627056e-05 0.0001583491425882523
3.943527350378819e-05 0.00015828964696138273
3.9457625164016995e-05 0.0001582300575296014
3.9480010358166e-05 0.00015817037444784687
3.950242873275578e-05 0.0001581105981424552
3.952487987160744e-05 0.0001580507292565786
3.954736331147814e-05 0.00015799076859935798
3.956987854988665e-05 0.00015793071710342235
3.9592425045124487e-05 0.00015787057579742803
3.961500220978343e-05 0.00015781034579347153
3.963760940016777e-05 0.0001577500282897923
3.966024590454219e-05 0.00015768962458443184
3.9682910933232495e-05 0.00015762913609418394
3.970560361320873e-05 0.00015756856437450575
3.972832298897219e-05 0.0001575079111333956
3.975106803056048e-05 0.0001574471782344218
3.9773837648381485e-05 0.00015738636768819828
3.9796630713573934e-05 0.00015732548162923632
3.9819446081845534e-05 0.0001572645222812849
3.984228261826879e-05 0.00015720349191362948
3.986513922046706e-05 0.0001571423927943412
3.988801483797288e-05 0.00015708122714326936
3.991090848615989e-05 0.00015701999709188258
3.993381925412475e-05 0.00015695870465270642
3.995674630684865e-05 0.0001568973516997904
3.997968888295198e-05 0.00015683593996168588
4.000264629005654e-05 0.00015677447102329864
4.002561790014441e-05 0.00015671294633444466
4.0048603147210704e-05 0.00015665136721944653
4.00716015290159e-05 0.0001565897348836942
4.0094612613853444e-05 0.0001565280504120664
4.011763605216725e-05 0.0001564663147574953
4.0140671591727074e-05 0.00015640452871888005
4.016371909408624e-05 0.00015634269290977845
4.018677854943286e-05 0.00015628080772242883
4.0209850086747774e-05 0.00015621887329230963
4.023293397654356e-05 0.00015615688947023115
4.02560306242815e-05 0.00015609485580723656
4.0279140553814774e-05 0.00015603277155777293
4.030226438163796e-05 0.00015597063570380737
4.032540278419999e-05 0.0001559084469985629
4.034855646172875e-05 0.00015584620402848623
4.0371726102771744e-05 0.00015578390528506528
4.039491235388684e-05 0.0001557215492403348
4.041811579837918e-05 0.0001556591344164457
4.044133694697846e-05 0.0001555966594401388
4.046457624183133e-05 0.00015553412307602738
4.0487834073422424e-05 0.00015547152423383767
4.0511110808363847e-05 0.0001554088619477416
4.0534406824478695e-05 0.00015534613533202055
4.055772254863963e-05 0.00015528334351720685
4.058105849239402e-05 0.0001552204855760561
4.0604415280646195e-05 0.00015515756044873902
4.062779366954318e-05 0.00015509456687751513
4.065119455099834e-05 0.0001550315033591529
4.067461894297407e-05 0.000154968368122909
4.069806796632225e-05 0.00015490515913520533
4.072154281052218e-05 0.0001548418741337959
4.0745044691847205e-05 0.0001547785106852037
4.0768574808133817e-05 0.000154715066261725
4.079213429443212e-05 0.00015465153832849507
4.081572418333373e-05 0.0001545879244332464
4.083934537290884e-05 0.0001545242222898112
4.086299860396848e-05 0.0001544604298493249
4.0886684447117616e-05 0.0001543965453539506
4.0910403298894355e-05 0.00015433256737247547
4.0934155385391e-05 0.00015426849481705793
4.095794077120412e-05 0.00015420432694442446
4.0981759371472685e-05 0.00015414006334509359
4.100561096503959e-05 0.00015407570392565392
4.102949520740812e-05 0.00015401124888709053
4.105341164293036e-05 0.00015394669870351027
4.107735971649606e-05 0.0001538820541022272
4.1101338785642096e-05 0.0001538173160442989
4.112534813434309e-05 0.0001537524857056459
4.114938698976047e-05 0.0001536875644549615
4.117345454279853e-05 0.0001536225538262652
4.119754997260871e-05 0.00015355745548304225
4.1221672474262694e-05 0.00015349227117441785
4.12458212878438e-05 0.00015342700268273363
4.1269995726385216e-05 0.00015336165176508404
4.129419519956045e-05 0.00015329622009440172
4.13184192299359e-05 0.0001532307092049004
4.1342667458917216e-05 0.00015316512044876232
4.1366939640433865e-05 0.00015309945496944088
4.139123562157717e-05 0.00015303371369906546
4.141555531096432e-05 0.00015296789737887645
4.143989863713612e-05 0.00015290200660677405
4.14642655006809e-05 0.00015283604190642272
4.14886557248838e-05 0.00015277000381268974
4.1513069010125536e-05 0.0001527038929648103
4.153750489717125e-05 0.00015263771019881356
4.156196274370125e-05 0.00015257145662578644
4.158644171706157e-05 0.0001525051336898238
4.1610940804507686e-05 0.00015243874319581865
4.163545884024936e-05 0.00015237228730487565
4.165999454680788e-05 0.00015230576849517216
4.168454658662474e-05 0.00015223918949207674
4.1709113618871666e-05 0.00015217255317505687
4.1733694356036686e-05 0.00015210586246827001
4.175828761513829e-05 0.00015203912022828878
4.1782892359363154e-05 0.00015197232913631564
4.1807507727248355e-05 0.00015190549160697467
4.1832133048191674e-05 0.00015183860971868315
4.185676784464979e-05 0.00015177168516974926
4.188141182278867e-05 0.0001517047192625895
4.1906064854299e-05 0.00015163771291050107
4.193072695254934e-05 0.00015157066666581995
4.195539824614122e-05 0.00015150358076168255
4.1980078952458464e-05 0.00015143645516074722
4.200476935290483e-05 0.00015136928960659407
4.202946977070083e-05 0.00015130208367291828
4.2054180551139056e-05 0.00015123483680727634
4.207890204367165e-05 0.00015116754837066898
4.210363458479465e-05 0.00015110021767199625
4.212837848079065e-05 0.00015103284400127398
4.215313398972081e-05 0.0001509654266617609
4.21779013026309e-05 0.000150897965005007
4.2202680524667014e-05 0.00015083045846762608
4.222747165744469e-05 0.00015076290661096906
4.2252274584497644e-05 0.0001506953091600892
4.22770890618815e-05 0.0001506276660398452
4.230191471590939e-05 0.00015055997740283378
4.232675104949299e-05 0.00015049224364665006
4.2351597457844166e-05 0.00015042446541460586
4.237645325335527e-05 0.00015035664357923237
4.240131769836605e-05 0.00015028877920654493
4.242619004363526e-05 0.0001502208735034566
4.245106956948919e-05 0.00015015292775040143
4.247595562617551e-05 0.00015008494322629046
4.250084766985427e-05 0.00015001692113000148
4.252574529099211e-05 0.0001499488625079544
4.255064823267964e-05 0.0001498807681926291
4.257555639741301e-05 0.00014981263875933626
4.260046984222294e-05 0.00014974447450357906
4.262538876326283e-05 0.0001496762754416743
4.2650313472193115e-05 0.000149608041333172
4.267524436753003e-05 0.00014953977172076083
4.27001819045477e-05 0.00014947146598245226
4.272512656725515e-05 0.00014940312338974915
4.275007884538273e-05 0.00014933474316311535
4.2775039218356416e-05 0.00014926632452013505
4.280000814703561e-05 0.00014919786670971116
4.2824986072700945e-05 0.00014912936903143867
4.284997342170311e-05 0.00014906083083913307
4.2874970613308364e-05 0.0001489922515313588
4.2899978067961417e-05 0.00014892363053342975
4.292499621322237e-05 0.00014885496727594025
4.295002548522495e-05 0.0001487862611767067
4.297506632432391e-05 0.00014871751163019614
4.300011916470734e-05 0.00014864871800790783
4.302518441878181e-05 0.00014857987967223027
4.305026245802886e-05 0.00014851099600190348
4.3075353592587085e-05 0.00014844206642727203
4.310045805197822e-05 0.00014837309047022879
4.312557596917883e-05 0.00014830406778522376
4.3150707369644174e-05 0.0001482349981954123
4.317585216613534e-05 0.0001481658817206813
4.320101015929378e-05 0.0001480967185948541
4.322618104318256e-05 0.00014802750927108907
4.3251364414337244e-05 0.0001479582544162382
4.327655978261005e-05 0.00014788895489683054
4.330176658202193e-05 0.0001478196117595358
4.332698418013149e-05 0.0001477502262096017
4.335221188492095e-05 0.00014768079959083524
4.337744894886815e-05 0.00014761133336937612
4.3402694570504175e-05 0.00014754182912327454
4.3427947894447514e-05 0.00014747228853601718
4.34532080112481e-05 0.00014740271339537536
4.347847395864783e-05 0.0001473331055928638
4.350374472570021e-05 0.0001472634671217457
4.35290192609008e-05 0.0001471938000701424
4.3554296484838535e-05 0.0001471241066077142
4.357957530723494e-05 0.00014705438896219294
4.360485464743972e-05 0.00014698464938764713
4.3630133456873076e-05 0.00014691489012426048
4.365541074142289e-05 0.00014684511335282327
4.368068558167527e-05 0.00014677532114785313
4.370595714897618e-05 0.00014670551543337698
4.373122471586757e-05 0.0001466356979461722
4.375648766012136e-05 0.00014656587020965908
4.3781745462554804e-05 0.00014649603352104648
4.3806997699730104e-05 0.0001464261889523831
4.383224403344481e-05 0.0001463563373633875
4.3857484199509674e-05 0.0001462864794241521
4.3882717998461756e-05 0.0001462166156415215
4.390794529065596e-05 0.00014614674638446096
4.393316599753562e-05 0.00014607687190305862
4.395838010998536e-05 0.00014600699233706035
4.3983587703481796e-05 0.00014593710770917714
4.4008788958656994e-05 0.00014586721790491725
4.403398418490097e-05 0.00014579732263905049
4.405917384384864e-05 0.0001457274214131006
4.408435856939377e-05 0.00014565751346843486
4.4109539180907354e-05 0.00014558759774321167
4.4134716687002206e-05 0.0001455176728387582
4.4159892278046346e-05 0.0001454477370019143
4.418506730689129e-05 0.00014537778812691998
4.4210243258471165e-05 0.00014530782378042312
4.423542171012457e-05 0.00014523784124858413
4.426060428542636e-05 0.00014516783760344307
4.4285792604872665e-05 0.0001450978097852322
4.431098823690958e-05 0.0001450277546925574
4.433619265253762e-05 0.00014495766927622583
4.43614071861218e-05 0.00014488755062853215
4.4386633004183065e-05 0.00014481739606316685
4.4411871082947946e-05 0.0001447472031822425
4.443712219459085e-05 0.0001446769699268262
4.446238690124956e-05 0.00014460669461240777
4.4487665555421454e-05 0.0001445363759491683
4.4512958305106754e-05 0.0001444660130497065
4.4538265102112354e-05 0.00014439560542727284
4.4563585712269545e-05 0.00014432515298768225
4.4588919726755144e-05 0.00014425465601668186
4.461426657425728e-05 0.00014418411516512603
4.463962553419375e-05 0.0001441135314322363
4.466499575146509e-05 0.0001440429061455098
4.4690376253371945e-05 0.00014397224093862585
4.471576596909065e-05 0.00014390153772294786
4.474116375176875e-05 0.00014383079865414386
4.4766568402720824e-05 0.0001437600260908653
4.4791978696643705e-05 0.00014368922254826347
4.4817393406216744e-05 0.00014361839064645082
4.484281132411244e-05 0.0001435475330574358
4.4868231280355895e-05 0.0001434766524550657
4.489365215319986e-05 0.00014340575147046147
4.491907287222843e-05 0.00014333483265937738
4.494449241321878e-05 0.00014326389848346582
4.4969909785284614e-05 0.00014319295130746715
4.49953240118534e-05 0.00014312199341330253
4.502073410796013e-05 0.0001430510270281106
4.504613905699737e-05 0.00014298005436338967
4.507153779040558e-05 0.0001429090776586435
4.509692917360216e-05 0.00014283809922296942
4.512231200097253e-05 0.0001427671214693678
4.514768500173132e-05 0.00014269614693261656
4.5173046857323336e-05 0.00014262517826909432
4.519839622972056e-05 0.00014255421823363215
4.522373179871247e-05 0.00014248326963411592
4.524905230526857e-05 0.0001424123352663717
4.527435659740168e-05 0.00014234141783355317
4.529964367464684e-05 0.00014227051985718844
4.5324912727543e-05 0.00014219964358642284
