6.608878332368636e-09 0.000253420189584512
1.9496629745042627e-08 0.00025341415877500745
4.383376498445923e-08 0.00025340173658675025
8.684424429362063e-08 0.0002533894522742698
1.5250006179608225e-07 0.00025337692643058116
2.4971709339210995e-07 0.0002533649076633705
3.8097738009528235e-07 0.0002533524489173357
5.554856591026237e-07 0.00025334014208957395
7.77103008922909e-07 0.00025332823161252835
1.052357690764503e-06 0.0002533155926292448
1.3878299242783166e-06 0.0002533037265761845
1.7881079554722912e-06 0.00025329139947240925
2.2606791522562956e-06 0.0002532792879303067
2.8099516511027496e-06 0.00025326719517701837
3.4433273457326883e-06 0.0002532550799857203
4.165605662476497e-06 0.0002532429897667207
4.982900857252339e-06 0.00025323052922895245
5.9013884641616304e-06 0.00025321856045924795
6.926536442451373e-06 0.0002532065984274315
8.064946060254435e-06 0.00025319473968292774
9.321769059577751e-06 0.00025318270908068416
1.0703285498276486e-05 0.00025317048748749876
1.2214948884602193e-05 0.00025315838407782496
1.386286213982417e-05 0.0002531463145468045
1.5653018596986317e-05 0.0002531344160482431
1.7590863552813986e-05 0.00025312231243511743
1.9682503198175452e-05 0.0002531102960079898
2.1933679047065225e-05 0.00025309848860322406
2.4350469489811613e-05 0.00025308671704927024
2.6938367173837543e-05 0.00025307479932399485
2.9702995297654357e-05 0.0002530625919997913
3.265045662231309e-05 0.0002530504895698442
3.578650622599549e-05 0.0002530385426772787
3.9116983602403095e-05 0.0002530267270827308
4.264743753935736e-05 0.00025301493599963476
4.638377878375276e-05 0.0002530031006109344
5.0331776029885754e-05 0.0002529912549640023
5.4497049545376425e-05 0.0002529793260785361
5.888549561996771e-05 0.0002529674160860959
6.350281180422008e-05 0.00025295544661419617
6.835475042569938e-05 0.00025294335975239654
7.344700794709509e-05 0.0002529312301153448
7.8785443378004e-05 0.00025291909821016645
8.437576890446328e-05 0.0002529068598417644
9.022367695258831e-05 0.00025289430274792746
9.633495406995268e-05 0.00025288130570701867
0.00010271520172976574 0.00025286771521036006
0.00010937017619664326 0.00025285355413762894
0.00011630551266288647 0.00025283893968448823
0.00012352683599118632 0.0002528239776597996
0.00013077515987606578 0.00025280874308922924
0.0001377965936217343 0.00025279312674694743
0.00014459499172767083 0.0002527770333820775
0.00015117400747963964 0.0002527604472899875
0.00015753720354683357 0.0002527434369453026
0.000163688455393113 0.00025272602451476
0.00016963115342512582 0.0002527081424620707
0.00017536935876851724 0.00025268979120047705
0.00018090620325261428 0.0002526710556097038
0.00018624597699673018 0.00025265203287104174
0.00019139176071090487 0.0002526326875889745
0.00019634793658632736 0.0002526129098022259
0.000201117331326334 0.000252592620881488
0.000205704176050551 0.00025257182141720166
0.0002101114410455988 0.00025255060291899667
0.00021434342262602953 0.0002525290577365599
0.00021840332077216723 0.0002525072643403299
0.00022229510224676462 0.0002524852775862424
0.00022602210476689553 0.0002524630908646297
0.0002295880037269798 0.00025244065344420114
0.00023299632843130937 0.00025241791675088485
0.00023625066860803506 0.00025239485019954225
0.00023935473002297499 0.0002523714619033536
0.00024231189634584793 0.0002523478166616584
0.0002451258214926744 0.00025232400675555267
0.0002477999626265424 0.00025230008923527933
0.00025033806609432263 0.0002522760499046074
0.0002527435319447036 0.00025225182604457497
0.0002550200925235535 0.0002522273305612076
0.00025717147271440706 0.0002522025103717865
0.0002592011050204232 0.00025217739404176723
0.00026111216253866095 0.00025215208108948783
0.00026290807713506587 0.0002521266650939852
0.00026459260108436074 0.0002521011486125817
0.00026616925562091383 0.0002520754671141226
0.00026764127570313095 0.00025204954437360247
0.00026901180397462715 0.0002520233267727934
0.00027028405417766233 0.0002519967688249594
0.0002714611218559706 0.0002519697927171778
0.0002725460827710849 0.00025194226331679004
0.0002735421164754551 0.0002519139803374079
0.0002744525802698994 0.000251884706070446
0.00027528114745927824 0.0002518541468782935
0.0002760319299067217 0.0002518219157277221
0.0002767094114784989 0.0002517875393623602
0.000277318252860623 0.00025175052854571264
0.0002778632104465509 0.0002517104869675206
0.00027834895240916226 0.00025166715822127
0.00027877984328891515 0.0002516204111722743
0.0002791597621649533 0.00025157019807707515
0.00027949015838720024 0.00025151653446283534
0.0002797725791549914 0.000251459494261478
0.00028001045923030745 0.00025139917698442996
0.00028020743919972025 0.0002513356594407122
0.00028036745503166893 0.0002512689411029029
0.0002804946640952188 0.00025119892780966005
0.000280593314535778 0.00025112546365142416
0.0002806676631004519 0.00025104839393855563
0.0002807218747463658 0.00025096762428469116
0.00028075996598812906 0.00025088313067786125
0.000280785837916791 0.00025079493212432427
0.0002808033728894819 0.00025070304554792103
0.0002808164926996547 0.0002506074586030582
0.00028082917216402513 0.00025050812808402254
0.00028084541037595213 0.00025040498815154244
0.0002808691998245524 0.0002502979667108225
0.00028090449102887555 0.0002501870050326607
0.0002809551766693716 0.0002500720752587546
0.00028102511342728846 0.00024995317507865017
0.00028111818584312183 0.0002498303058038262
0.00028123834526534746 0.0002497034505232233
0.00028138958138158214 0.0002495725628566814
0.0002815758671851224 0.00024943758231524976
0.0002818011434158006 0.00024929846855612295
0.00028206936620903166 0.00024915522628264283
0.0002823845597406208 0.000249007890002019
0.0002827507893079167 0.00024885648090886697
0.00028317209405615305 0.00024870097740264593
0.00028365245841288595 0.00024854132267973505
0.000284195820333381 0.000248377459628385
0.0002848060341167034 0.0002482093583192589
0.0002854868141825686 0.0002480370181190822
0.0002862416376359352 0.00024786044869603424
0.0002870735457580611 0.00024767964879728044
0.0002879848649683753 0.0002474946000993565
0.0002889769281832347 0.0002473052786706939
0.0002900497571426163 0.0002471116783042335
0.000291201609309595 0.00024691383521291757
0.0002924284068916173 0.00024671185052469943
0.00029372313062994774 0.0002465059096754159
0.00029507534771771655 0.0002462962985182657
0.00029647100093257615 0.0002460834150935405
0.0002978926614365201 0.0002458677702931074
0.00029932040032566205 0.00024564997037336556
0.0003007331195311907 0.0002454306763635533
0.0003021102465865788 0.00024521054415928625
0.00030343376718083544 0.00024499015522528797
0.00030469013231828256 0.00024476995061312526
0.0003058713120419414 0.0002445501837775414
0.00030697477168187173 0.00024433090563066515
0.0003079220872369127 0.00024411199007976295
0.0003086500342159474 0.0002438931974826919
0.00030917536324006316 0.00024367426189087632
0.0003095114537824517 0.00024345497878592443
0.0003096672779445428 0.00024323526766578327
0.00030964790900548804 0.0002430151900892838
0.00030945563127204254 0.00024279491573213005
0.00030909252210990947 0.0002425746492740223
0.0003085617022088978 0.00024235454992812752
0.000307869362747286 0.00024213467947640024
0.00030702397136054085 0.00024191499988659992
0.00030603640991980376 0.00024169541622354185
0.0003049171924903906 0.00024147583925073282
0.00030367610177101356 0.0002412562351150234
0.00030232039327087444 0.0002410366404607192
0.0003008562602939316 0.0002408171415563265
0.00029928888818820277 0.00024059783315726752
0.00029762422713984233 0.00024037877987112197
0.0002958689327462733 0.00024015999762401485
0.0002940306947349017 0.00023994146002129235
0.0002921176670203173 0.00023972312156796474
0.0002901381071669629 0.00023950494388253266
0.00028809998373008816 0.00023928691418871953
0.0002860105441382205 0.0002390690527863809
0.0002838765255773989 0.00023885141162367438
0.0002817042550187626 0.0002386340667972671
0.0002795002773543373 0.00023841710717147427
0.0002772714458005659 0.00023820062221507898
0.000275025224426055 0.0002379846931377383
0.0002727693444206899 0.00023776939079957551
0.0002705114555763295 0.0002375547810587568
0.00026825901849512895 0.00023734093370336717
0.00026601959459025696 0.00023712792654984743
0.0002638011229094898 0.00023691583579145067
0.00026161198275174806 0.0002367047106683097
0.00025946116006391416 0.00023649454197692196
0.00025735838521611087 0.0002362852418632648
0.000255314165410956 0.00023607664949401932
0.0002533395886975525 0.00023586856441485532
0.00025144613936869937 0.00023566079573705476
0.0002496454156938078 0.00023545320991376004
0.00024794868167090235 0.00023524576458526514
0.00024636629956556016 0.00023503852422952776
0.0002449070610402865 0.00023483165797181377
0.0002435775107250532 0.0002346254198271787
0.00024238140128283968 0.00023442011188720344
0.0002413194621805258 0.0002342160353895513
0.0002403895421702085 0.00023401344077687847
0.00023958716919081572 0.0002338124907453297
0.00023890642431786765 0.00023361324714208168
0.00023833445873341487 0.00023341568471959076
0.00023785907784179853 0.0002332197260234356
0.0002374755519333136 0.0002330252859585706
0.0002371802204571106 0.00023283231356258094
0.00023697027825651722 0.00023264082080496143
0.00023684330736172546 0.00023245089183641238
0.00023679679270835523 0.00023226267028923428
0.00023682782373836973 0.00023207632751771207
0.00023693307406160444 0.0002318920209114922
0.00023710902182542585 0.00023170985621137966
0.0002373522652197221 0.00023152986786098215
0.00023765974492081382 0.00023135202547807862
0.0002380287403665884 0.0002311762647829209
0.00023845665243332078 0.00023100253171166873
0.00023894067699152573 0.00023083082252091727
0.00023947758842409402 0.00023066120308534374
0.00024006374397696545 0.00023049379838118236
0.00024069533914021263 0.00023032875626465693
0.00024136876027390503 0.0002301662021181594
0.00024208085840914643 0.00023000620571147004
0.00024282896545133032 0.00022984877533797562
0.00024361065499831384 0.00022969388008451178
0.00024442338224668533 0.00022954148705894503
0.00024526420115709757 0.00022939159417048258
0.0002461297325268702 0.0002292442431030689
0.00024701637068899975 0.00022909950782325217
0.00024792060410599705 0.0002289574650838691
0.00024883926044580457 0.00022881816007832428
0.000249769599651773 0.00022868158085037962
0.0002507091799559356 0.00022854765006737748
0.00025165558925485383 0.00022841623482549103
0.00025260624285609537 0.00022828716773922592
0.0002535583642495502 0.0002281602687269728
0.0002545090922880664 0.00022803535789352528
0.00025545562744972155 0.00022791225483485486
0.0002563953860551841 0.00022779076610782503
0.0002573260732560624 0.00022767066768398375
0.0002582456166517359 0.0002275516907127434
0.0002591519871439592 0.00022743351638320614
0.00026004300512587027 0.00022731578068295802
0.00026091620806060074 0.00022719808525757668
0.00026176879644408674 0.00022708000877470422
0.00026259768932761007 0.0002269611149105094
0.0002633996653242398 0.00022684095721512212
0.00026417144470868546 0.000226719085356996
0.00026490969404396067 0.00022659505902364666
0.00026561109139173176 0.00022646847344105422
0.00026627243595212413 0.00022633899440063082
0.00026689068254162276 0.00022620639338521986
0.0002674629445217723 0.00022607056870409606
0.0002679389825363761 0.00022593153987393588
0.0002682798580661759 0.00022578941073573416
0.0002684958665228626 0.00022564430928519175
0.0002685971467374661 0.0002254963233777156
0.00026859359467015407 0.00022534545549762405
0.00026849495243871734 0.00022519161366360563
0.00026831067323320997 0.00022503464113247246
0.00026805023807019863 0.0002248743710992207
0.0002677229015435768 0.00022471068186028995
0.0002673381524169536 0.00022454352828491994
0.0002669053733900051 0.00022437293705224876
0.00026643430402898956 0.0002241989705088869
0.00026593447318906503 0.00022402167867736564
0.0002654155545045929 0.000223841063592866
0.00026488693509759656 0.00022365707255265696
0.0002643581747883077 0.00022346962130985124
0.0002638387438021426 0.0002232786332443358
0.0002633382616497035 0.00022308407399797975
0.0002628662669026307 0.0002228859657502115
0.00026243227487121834 0.0002226843775324401
0.0002620457280831451 0.00022247940027832203
0.0002617160353223904 0.0002222711211815817
0.00026145254685929755 0.00022205960944949796
0.00026126445402553476 0.0002218449176485185
0.00026116071632707364 0.0002216270947726813
0.0002611499570333552 0.00022140620299692867
0.00026124040120173827 0.00022118233070060958
0.0002614397841528819 0.00022095559785688043
0.00026175519994825095 0.0002207261536078496
0.0002621928916778184 0.00022049416832413057
0.00026275804357855356 0.00022025982383021975
0.0002634546050500963 0.00022002330629427788
0.0002642850919557744 0.0002197848061107656
0.0002652503964672613 0.0002195445267068781
0.00026634970492316886 0.00021930269933231536
0.00026758045900475907 0.00021905959576563883
0.0002689383664380023 0.00021881552925500508
0.0002704174190452386 0.0002185708382003576
0.0002720099690727887 0.00021832585535159696
0.0002737067301763154 0.00021808087256514758
0.00027549676672724145 0.00021783611277547202
0.0002773675197071644 0.0002175917162272195
0.0002793048617956927 0.0002173477410357845
0.0002812933068763364 0.00021710417365531157
0.00028331647505947617 0.00021686094474092019
0.00028535784736708923 0.0002166179481760573
0.0002874016724092677 0.0002163750623434095
0.00028943394726259645 0.00021613217172186325
0.00029144320569122713 0.00021588918516239272
0.00029342089651311295 0.00021564604705708035
0.00029530104272212357 0.0002154027396067855
0.0002970280310030862 0.00021515927696183837
0.00029860811737066485 0.0002149156934238075
0.00030004612635281547 0.00021467202806564958
0.0003013445603580395 0.0002144283083296214
0.0003025035773539935 0.0002141845361604902
0.0003035215259682789 0.00021394068112138773
0.0003043962935760315 0.0002136966839868075
0.0003051262912681155 0.0002134524708890563
0.00030571164221038693 0.00021320797358758206
0.0003061539623239209 0.00021296314831483962
0.0003064562003156418 0.00021271798569366673
0.00030662119965472074 0.0002124725075295271
0.00030665129705917957 0.00021222675147531192
0.00030654741354247517 0.00021198074957294588
0.00030630969809549845 0.00021173450939094424
0.00030593775043108115 0.0002114880054684444
0.00030543176224013787 0.000211241184099778
0.00030479283339577624 0.00021099397815184037
0.00030402326598837347 0.00021074632383853709
0.0003031261348226381 0.00021049817084798153
0.0003021048294967466 0.00021024948122938883
0.000300962729863535 0.000210000218663655
0.00029970316149412223 0.00020975033468203716
0.0002983299760966875 0.00020949975956622777
0.00029684812680581265 0.00020924840288502958
0.0002952643569461656 0.00020899616379165334
0.0002935873376775893 0.00020874294697391035
0.0002918277953332307 0.00020848867841488997
0.0002899981478202762 0.00020823331623066182
0.0002881120603510608 0.00020797685471192137
0.0002861841509921883 0.00020771932260289783
0.00028422993379411993 0.00020746077830330334
0.00028226561886130126 0.00020720130476281629
0.0002803075509942034 0.00020694100592750023
0.0002783715439494204 0.00020668000550818494
0.0002764720541574139 0.00020641844808502383
0.00027462125495793797 0.0002061565021967554
0.0002728281022106034 0.00020589436492192068
0.0002710977960958505 0.00020563226737393622
0.0002694316912199839 0.0002053704803416101
0.0002678276391591414 0.0002051093188156078
0.00026628081142717185 0.00020484914327564135
0.00026478485968654174 0.0002045903547015504
0.00026333312713092225 0.00020433338014714392
0.0002619197162553695 0.00020407864729002703
0.00026054040164516366 0.00020382654986550106
0.00025919316978587444 0.00020357741034611812
0.00025787825697359297 0.00020333144968512698
0.00025659773962933544 0.000203088774391829
0.00025535603545987325 0.0002028493876196115
0.000254157646794903 0.00020261322394184503
0.00025300497763198544 0.00020238019927391881
0.00025189906012728096 0.00020215026110750878
0.0002508392869013052 0.0002019234227808829
0.0002498235827512752 0.0002016997703291369
0.00024884896086906164 0.00020147944042965202
0.0002479123189320573 0.00020126257937060077
0.00024701111975472534 0.00020104930078784083
0.00024614385097290997 0.00020083966017463498
0.0002453101160726596 0.0002006336562116913
0.00024451044782943643 0.00020043125630725064
0.00024374572652141247 0.00020023243254330136
0.00024301657632521282 0.00020003719013569204
0.00024232290125344509 0.00019984557546506854
0.00024166386493568957 0.00019965766176220645
0.0002410380958277549 0.0001994735214714792
0.00024044405166783223 0.00019929319939882006
0.0002398802845817327 0.00019911669792611192
0.0002393456574877935 0.00019894397741751155
0.00023883947602580257 0.00019877496671485972
0.0002383615164329157 0.00019860957479038432
0.00023791187340546491 0.00019844769638109258
0.00023749065595948552 0.00019828920948252934
0.00023709767950483944 0.00019813396732937597
0.00023673229827720995 0.00019798178954666748
0.000236393507545831 0.00019783245653335474
0.00023608021147000194 0.00019768570942771055
0.00023579153549763257 0.0001975412565537668
0.00023552704011301496 0.0001973987860867596
0.00023528678991983784 0.00019725798300140526
0.00023507126159157108 0.00019711854607987883
0.00023488120129706055 0.00019698019921108798
0.0002347175651180529 0.0001968426923611849
0.00023458158815171603 0.00019670579192387905
0.00023447495558544314 0.0001965692655356878
0.0002344000365975818 0.00019643286926555176
0.00023436014566849013 0.00019629634309351399
0.00023435975490105924 0.00019615941502179254
0.00023440459121562297 0.0001960218090355098
0.0002345015634843789 0.00019588325113823954
0.00023465852243823886 0.00019574347113647875
0.00023488385300777208 0.0001956022025806324
0.0002351858990253287 0.00019545918543722313
0.00023557228864308873 0.00019531417433242201
0.0002360492247211948 0.00019516695146440388
0.00023662080654044795 0.00019501734049075237
0.00023728853190094646 0.00019486521724958183
0.00023805116567865203 0.00019471051423309432
0.00023890504012289194 0.00019455321689394733
0.00023983737685742435 0.00019439335094845883
0.00024083330313744302 0.0001942309618056387
0.0002418851989733435 0.00019406609050650128
0.0002429868365300764 0.00019389875362398404
0.00024413380828535008 0.00019372893492194607
0.00024532339934939804 0.0001935565927869455
0.0002465539554528018 0.00019338168080504717
0.0002478240266396066 0.0001932041727257701
0.0002491315252399604 0.00019302408080034902
0.00025047325847855575 0.00019284145946586728
0.00025184485332295406 0.00019265639327309056
0.0002532411719237058 0.00019246897562608806
0.0002546568851168335 0.00019227928955327378
0.0002560870586095305 0.00019208740082936673
0.00025752734253924406 0.0001918933674006397
0.00025897385810298755 0.000191697260380385
0.00026042278275131803 0.0001914991857049561
0.0002618699824523563 0.000191299295517134
0.00026331076588147266 0.00019109778447764028
0.0002647399000691682 0.00019089487465724295
0.0002661517934578238 0.00019069079827687546
0.000267540769290406 0.00019048578727086374
0.0002689013096546279 0.0001902800733137311
0.0002702281927024809 0.00019007389539971858
0.00027151652225329613 0.00018986750827099455
0.000272761667037808 0.00018966118555999514
0.00027395920889146326 0.00018945521511605154
0.00027510494273815515 0.0001892498877989722
0.00027619497831457785 0.00018904548289755754
0.00027722588515179857 0.00018884225309812736
0.0002781948279244057 0.00018864041095330644
0.0002790996381683661 0.00018844011847279213
0.00027993881833300897 0.00018824148180401554
0.0002807115029455599 0.0001880445528160274
0.0002814174112205325 0.00018784933772673928
0.00028205681615359364 0.00018765581023513084
0.0002826305246827859 0.00018746392480536306
0.0002831398582647361 0.00018727362642657897
0.00028358662137780886 0.00018708485604134947
0.0002839730572596017 0.00018689755373320696
0.0002843017911686539 0.0001867116624425999
0.0002845757732655167 0.00018652713310437705
0.00028479823755409446 0.0001863439294842624
0.00028497268306079145 0.00018616202995481654
0.0002851028685391485 0.00018598142475704724
0.00028519280088196695 0.00018580210969420044
0.0002852467000480537 0.00018562407879875106
0.000285268934872231 0.0001854473184405049
0.00028526393862972414 0.00018527180423431183
0.0002852361227844973 0.00018509750104357334
0.00028516816242553123 0.00018492436575845775
0.00028505013542089034 0.00018475235201112494
0.0002848960111883316 0.00018458141529399674
0.0002847195114168813 0.00018441151652053706
0.00028453426952083406 0.0001842426225737645
0.00028435397156629654 0.00018407470387054106
0.0002841924262863471 0.00018390773052684786
0.0002840634390809568 0.00018374166925165872
0.00028398063726434565 0.00018357648231546314
0.0002839571354588143 0.0001834121285281473
0.00028400540558900784 0.00018324856511215196
0.000284137083171013 0.000183085749163394
0.0002843631346600541 0.00018292363787120527
0.0002846937817243089 0.00018276218738605757
0.0002851386286113876 0.00018260135091751825
0.00028570628387893706 0.0001824410772021355
0.00028640410657440157 0.00018228131070795878
0.0002872375525732851 0.00018212199458615685
0.0002882098142974589 0.00018196307638538092
0.00028932147048117994 0.00018180451534992662
0.0002905705150077085 0.00018164628939655592
0.00029195252982629227 0.00018148840009474948
0.00029346094576605905 0.00018133087502360257
0.00029508731235266476 0.000181173768117264
0.00029682138820343913 0.00018101715931623588
0.0002986514072993338 0.00018086115464472502
0.0003005644183984699 0.00018070588694007322
0.0003025470963196508 0.00018055151645826953
0.0003045866263191903 0.0001803982301039793
0.0003066718385243298 0.00018024623838314852
0.000308794199573368 0.00018009577015663802
0.00031094845269193913 0.00017994706630768825
0.000313132721257372 0.00017980037391839357
0.0003153482312609626 0.00017965594218848774
0.0003175988420077948 0.00017951402031579286
0.0003198903042242777 0.00017937485640471054
0.00032222939231739536 0.00017923869577292362
0.0003246229906659665 0.00017910577708637326
0.0003270772944693561 0.0001789763255265371
0.00032959701524463134 0.00017885054331479716
0.0003321847758547824 0.0001787285989880323
0.00033484086199929013 0.00017861061756724653
0.00033756338167329733 0.0001784966741084741
0.0003403488838228461 0.0001783867930239963
0.0003431933194806677 0.00017828095487036275
0.0003460931353592414 0.00017817911084882718
0.000349046183588058 0.0001780812031320321
0.00035205225909019645 0.00017798718690312937
0.00035511305455477156 0.0001778970486565716
0.00035823159462880115 0.0001778108157376758
0.000361316673861468 0.0001777285544633904
0.00036428036414291095 0.00017765035766943715
0.0003671263292236778 0.00017757632576836935
0.0003698568020658957 0.00017750654710628477
0.00037247273267518213 0.0001774410830297432
0.00037497444398602777 0.00017737996098245168
0.0003773618962109042 0.00017732317607220896
0.00037963568788784827 0.00017727069889501151
0.00038179679116989625 0.00017722248572742128
0.00038384753820036073 0.00017717848685907048
0.0003857906979773735 0.00017713864982164124
0.00038763025929389763 0.00017710291624522048
0.000389369917193543 0.0001770712134164694
0.0003910138286704841 0.0001770434435546149
0.00039256514012339633 0.000177019474627952
0.00039402688533920815 0.00017699913584864543
0.0003954009578584108 0.00017698221905971742
0.0003966890585106668 0.000176968484917623
0.0003978923441696999 0.00017695767114884325
0.00039901207326250817 0.00017694949994871007
0.00040004950075554134 0.00017694368273159233
0.00040100589807182786 0.00017693992217743607
0.0004018822778455335 0.00017693791289068173
0.0004026787311168336 0.00017693734240650447
0.0004033941934483973 0.0001769378937963445
0.0004040258537359281 0.00017693925019817563
0.00040456922043517014 0.00017694110070420183
0.00040501786237428985 0.00017694314647499418
0.0004053639585594024 0.00017694510580015116
0.0004055984171458323 0.00017694671710128534
0.00040571103765291334 0.00017694773947219897
0.0004056907951162115 0.00017694795104624891
0.00040552642863124407 0.00017694714593631186
0.0004052069090221882 0.0001769451305086156
0.0004047216818751162 0.00017694171941551665
0.00040406130902410523 0.0001769367314686139
0.00040321833579448933 0.00017692998539452914
0.00040218818405035064 0.00017692129580476612
0.00040096969821013445 0.00017691047004049498
0.0003995655706417542 0.00017689730660945882
0.0003979823686796421 0.0001768815956553968
0.0003962300254930596 0.0001768631215153492
0.0003943209496824582 0.00017684166719754077
0.0003922688301259938 0.0001768170206198523
0.000390087279332203 0.00017678898246323294
0.00038778855128496366 0.00017675737523628263
0.00038538269081302254 0.00017672205255794826
0.0003828771205626789 0.00017668290699038303
0.00038027672990526213 0.00017663987442570125
0.00037758443913563344 0.00017659293339989182
0.0003748179963153904 0.00017654209882383629
0.0003720009644711458 0.00017648741126445253
0.00036914319612620534 0.00017642892454782302
0.0003662562537071756 0.00017636669546816294
0.00036335352088415337 0.00017630077915252104
0.00036044985285964016 0.0001762312319017363
0.0003575608358789118 0.000176158120491942
0.00035470214322583547 0.000176081534079265
0.00035188877073249797 0.00017600159342960608
0.0003491348011973872 0.00017591845313654972
0.0003464532149943505 0.00017583229560034705
0.0003438563094650634 0.0001757433193721493
0.0003413558253100374 0.00017565172705578252
0.00033896335473687205 0.0001755577178919332
0.00033669021602846286 0.0001754614874375053
0.0003345474439133295 0.0001753632328314117
0.0003325453113783106 0.00017526315912652288
0.0003306929987581714 0.0001751614816520343
0.0003289981229000162 0.00017505842156416082
0.0003274665508397252 0.00017495419534925907
0.00032610235753238016 0.00017484900201806056
0.0003249079570478749 0.00017474301247293392
0.00032388425851973354 0.00017463636383394793
0.00032303077319612245 0.00017452915863115995
0.00032234568917028077 0.0001744214665627547
0.0003218258780268786 0.00017431332620584244
0.00032146692375877836 0.00017420474547503312
0.0003212631579603987 0.00017409570148438705
0.0003212077592551018 0.00017398614144860033
0.0003212928834759212 0.0001738759859469495
0.0003215098094401933 0.00017376513486631537
0.00032184906336079857 0.00017365347555925795
0.0003223005066731829 0.00017354089252996294
0.00032285339130895427 0.00017342727793592458
0.0003234964089981322 0.00017331254185121506
0.00032421774087107826 0.00017319662071161104
0.00032500511482330105 0.00017307948239363505
0.0003258458588769196 0.00017296112755406032
0.0003267269510899526 0.0001728415887553708
0.00032763501482710347 0.0001727209301384293
0.00032855627237771335 0.00017259924969582896
0.00032947648508583976 0.00017247668354899645
0.00033038092490052446 0.00017235340857489276
0.0003312544491280654 0.0001722296382731664
0.0003320816788678559 0.00017210560803221364
0.00033284728770403724 0.00017198154946646352
0.0003335364057172851 0.00017185765773860065
0.000334135074662162 0.00017173405914463688
0.00033463057401904143 0.0001716107876869495
0.0003350115648258969 0.00017148777831911197
0.00033523304514263816 0.00017136488085273474
0.0003352711033065434 0.00017124189263276537
0.00033514204478153533 0.0001711186016262016
0.00033486177808452844 0.00017099482712471317
0.00033444570467425975 0.00017087044528069084
0.0003339089099446174 0.00017074539193766974
0.0003332662501575991 0.00017061964390566522
0.0003325327901305239 0.00017049318832628238
0.0003317236837818149 0.0001703659942699047
0.000330854487941279 0.0001702379991361455
0.00032994062547219376 0.00017010911540941628
0.0003289974192456463 0.00016997925399607483
0.0003280392547804272 0.00016984835301647738
0.00032707963215392413 0.00016971639905723895
0.0003261306082435996 0.00016958343237325618
0.0003252031286585074 0.00016944953597024595
0.00032430675930240384 0.00016931481632881384
0.0003234499294006928 0.0001691793865759711
0.00032263971281411123 0.0001690433598597954
0.0003218818810863725 0.0001689068538485855
0.0003211808654932041 0.00016877000099298559
0.0003205399050771837 0.00016863295696828776
0.0003199612557339121 0.00016849590216140922
0.00031944640839799286 0.00016835903583120593
0.0003189964128487013 0.00016822256635116647
0.00031861213047371096 0.0001680867017785949
0.0003182945296945918 0.00016795164328992085
0.0003180448524113491 0.00016781758174674866
0.000317864750863552 0.00016768469646856465
0.00031775627238523994 0.00016755315535797038
0.00031772179480835545 0.0001674231158012504
0.0003177639441973702 0.00016729472540471038
0.0003178854801623716 0.0001671681210074251
0.00031808912419642265 0.0001670434248051099
0.00031837737888615683 0.00016692073845338273
0.0003187523666226114 0.0001668001386339671
0.00031921569700906345 0.00016668167853355065
0.0003197683474509192 0.00016656539760905725
0.0003204105711889383 0.0001664513378065377
0.0003211417913065994 0.00016633956086117146
0.0003219604967019151 0.0001662301608618931
0.0003228641645327192 0.00016612326894563725
0.0003238492173281842 0.00016601905047592194
0.00032491108254155697 0.00016591769683617016
0.0003260444243179029 0.00016581941346286572
0.00032724356555915155 0.0001657244045689711
0.00032850300319510267 0.0001656328551116401
0.0003298179566152295 0.00016554491228031737
0.00033118482475298313 0.00016546067057142747
0.0003326014357773832 0.0001653801645939007
0.0003340858374203505 0.00016530337167650067
0.00033565683803346054 0.00016523022329393774
0.0003373151388137751 0.0001651606217887118
0.0003390612688637168 0.00016509445759278069
0.00034089480250900186 0.00016503162210521755
0.0003428139204390428 0.00016497201246002194
0.000344815521217773 0.00016491552674591584
0.0003468957469160098 0.00016486205158991116
0.00034905085257300574 0.00016481144724362837
0.0003512778642871779 0.00016476353667955676
0.00035357493998609113 0.00016471810367244336
0.00035594095221411546 0.00016467490097271317
0.00035837480885935933 0.0001646336654523399
0.00036087435958854624 0.0001645941345799519
0.0003634357085606991 0.0001645560587516942
0.0003660527212635143 0.00016451920643795193
0.0003687172853285729 0.00016448336245869152
0.00037141972524321504 0.0001644483224680325
0.0003741494670498842 0.00016441388780435648
0.0003768952632587681 0.00016437986392051074
0.00037964495837767263 0.00016434606325732223
0.00038238483487512643 0.00016431231093639448
0.00038509902131031535 0.00016427845031578153
0.0003877693987614183 0.00016424434575323596
0.000390376110513641 0.0001642098814042675
0.00039289867809251034 0.00016417495651402034
0.00039531717810172305 0.00016413947871579335
0.00039761334044269324 0.00016410335715346877
0.0003997711921139243 0.00016406649705055787
0.0004017773520204687 0.0001640287968245717
0.00040362101409262296 0.0001639901480231798
0.0004052939399958639 0.00016395043732732664
0.00040679047265341145 0.00016390954904973998
0.00040810742206927076 0.00016386736651221798
0.0004092437208217341 0.00016382377157259792
0.00041019975021645106 0.00016377864283861898
0.00041097630341804304 0.00016373185377000637
0.0004115731945892714 0.00016368327130854635
0.0004119877993470988 0.00016363275430899063
0.00041221378289329406 0.00016358015011485108
0.0004122404004795099 0.00016352528829459423
0.00041205256274472456 0.00016346797286604514
0.0004116317793296498 0.00016340797701414403
0.0004109579669678185 0.00016334504558752905
0.0004100116975541053 0.00016327890945372348
0.00040877654897639317 0.0001632093123487624
0.00040724136602015876 0.00016313604642866075
0.00040540200714569486 0.00016305898884698758
0.0004032619891968814 0.00016297812959805563
0.0004008320213905372 0.00016289358144451482
0.0003980804231787687 0.00016280556645516947
0.0003950035327933655 0.0001627143801487818
0.00039164663668149675 0.00016262034178767676
0.0003880516721934982 0.00016252374509939313
0.0003842564652608062 0.00016242482465353078
0.0003802954758840447 0.00016232374798160962
0.00037620042791804625 0.00016222063380119667
0.0003720026903988251 0.0001621155863460698
0.0003677333444081533 0.00016200872948417266
0.000363425111985697 0.00016190022506533744
0.00035911047784460204 0.00016179026764633064
0.0003548222907497747 0.0001616790588897972
0.00035059024359487795 0.00016156677420930965
0.0003464413204769181 0.0001614535370917554
0.0003423973117811784 0.00016133941165363472
0.00033847675023637865 0.0001612244141836125
0.00033469415081278334 0.0001611085351583691
0.000331062044290176 0.00016099175944801064
0.00032759065356120255 0.0001608740756678627
0.0003242887118442102 0.00016075547319295905
0.00032116322049775933 0.00016063593234001694
0.0003182195590352337 0.00016051541575578046
0.00031546139583124344 0.00016039386658148538
0.0003128903131197657 0.00016027121405206082
0.00031050609922339783 0.00016014738332253628
0.0003083067154204336 0.00016002230542069146
0.0003062889785481092 0.00015989592474782016
0.0003044486892160807 0.00015976820347405468
0.00030278126899716467 0.0001596391229889138
0.0003012816877019341 0.00015950868239163543
0.00029994434108448467 0.00015937689411265818
0.0002987630227408275 0.00015924377792847152
0.00029773112159551775 0.00015910935607901452
0.0002968416473582098 0.00015897365214887285
0.00029608702159914386 0.00015883669393521732
0.00029545906140575746 0.00015869851696981296
0.00029494902052498506 0.00015855916350519458
0.00029454759152183665 0.0001584186735662553
0.00029424475228519804 0.00015827706927400154
0.0002940296444655045 0.00015813433785058506
0.0002938903978323637 0.00015799041951502363
0.00029381390158384054 0.00015784520363283303
0.00029378560756790286 0.00015769853255986205
0.0002937894393813185 0.00015755021061378272
0.0002938079114550956 0.00015740001627307862
0.00029382254275533276 0.00015724771724687225
0.0002938145656713464 0.00015709308816315784
0.00029376586059505564 0.0001569359288729963
0.00029365997311064305 0.0001567760794691682
0.0002934830155100064 0.00015661342811698967
0.00029323381980311645 0.00015644791003193229
0.00029292298597086847 0.00015627949894087348
0.0002925548102865651 0.00015610819437584383
0.0002921334362540891 0.00015593400861953904
0.00029166240529525367 0.00015575695665414474
0.00029114452119534704 0.00015557705167979982
0.0002905819171442036 0.00015539430757111755
0.00028997647255335886 0.00015520874767268808
0.00028933009791690437 0.00015502041693589083
0.00028864516166572326 0.00015482939271703813
0.0002879243149362578 0.00015463578972762376
0.00028717035788089306 0.0001544397567503908
0.00028638549639355517 0.0001542414658276016
0.0002855710758190589 0.0001540410973105734
0.0002847270267812179 0.00015383882543100816
0.0002838520894352889 0.00015363480858310297
0.00028294389571822286 0.00015342918647518952
0.00028199965818099913 0.0001532220834513029
0.00028101656836483543 0.00015301361475224262
0.0002799922712617363 0.00015280389152656088
0.00027892493693440067 0.0001525930215575677
0.0002778132251011267 0.00015238110535666788
0.00027665620038464704 0.00015216822996923576
0.0002754532874950584 0.00015195446411428448
0.00027420450835441326 0.00015173985763395834
0.000272910668998703 0.00015152444622280187
0.0002715736014586381 0.00015130826020217508
0.000270196094048402 0.00015109133466543329
0.00026878187317727967 0.0001508737181319733
0.0002673353237169761 0.0001506554777908932
0.0002658611653182285 0.00015043670096781883
0.0002643642287237742 0.00015021749388110725
0.0002628494256364543 0.00014999797943790819
0.00026132170990140466 0.00014977829552901417
0.00025978590421376046 0.0001495585943553819
0.0002582465584293388 0.00014933904247077176
0.0002567077607461538 0.00014911982107143618
0.00025517287356229034 0.00014890112668042646
0.000253644169091067 0.00014868317318051522
0.00025212257701697383 0.00014846619628158808
0.0002506075504698641 0.00014825046039592185
0.00024909705902499235 0.00014803626575483203
0.00024758781672640874 0.00014782395140582744
0.0002460757277094292 0.00014761388876716186
0.0002445564090767387 0.0001474064616057945
0.0002430257264348243 0.00014720203175748806
0.00024148040274127772 0.00014700089480755227
0.00023991851562279567 0.00014680323481076896
0.00023833970948785931 0.00014660909016749393
0.00023674511890377608 0.00014641834237438464
0.00023517351344750612 0.0001462307346824128
0.00023366644398933653 0.00014604591931618657
0.00023222860074178128 0.00014586352220421345
0.00023086392509813597 0.00014568320687119093
0.0002295754764146136 0.00014550471788339625
0.0002283656056873272 0.00014532789065035967
0.00022723622542146434 0.0001451526267400964
0.00022618927861389938 0.00014497884733358224
0.00022522684266119465 0.0001448064460158778
0.00022435126528650272 0.00014463526154234393
0.00022356483772426915 0.0001444650813853532
0.0002228696295654823 0.0001442956722063904
0.00022226695632948708 0.0001441268209832064
0.00022175723056025383 0.00014395836650169316
0.00022133976314263096 0.00014379020712530777
0.00022101297182604426 0.00014362228356430348
0.00022077445759086664 0.00014345454765746918
0.00022062117418986203 0.00014328693348023003
0.00022054947331367542 0.00014311934328606682
0.0002205552126450396 0.00014295165112176642
0.00022063387562349667 0.00014278371761370853
0.00022078072134451373 0.00014261540550626617
0.00022099094958527942 0.0001424465880529302
0.00022125990253343513 0.00014227714835061273
0.00022158325324570503 0.00014210697278516093
0.00022195717605564386 0.00014193594333275494
0.00022237837452660755 0.00014176393203376922
0.00022284402603254424 0.00014159079886795836
0.00022335153408151604 0.00014141639334275605
0.00022389825327892977 0.00014124056012559602
0.00022448120761202385 0.00014106314845650086
0.00022509686858599828 0.00014088402305071496
0.0002257409482746151 0.0001407030719965778
0.00022640822516805384 0.0001405202072465063
0.0002270924553359698 0.0001403353568358405
0.00022778629149380764 0.0001401484531153123
0.00022848122320748662 0.00013995942418707635
0.00022916750272242498 0.00013976819374045615
0.00022983411729457417 0.00013957468869766135
0.00023046871941843685 0.00013937884883995222
0.00023105760938592682 0.00013918063192362717
0.00023158582243085082 0.00013898001202043708
0.00023203735716666488 0.00013877697436318406
0.00023239570043737356 0.00013857151252603603
0.0002326447145983375 0.00013836363186874728
0.00023276990255392517 0.0001381533589821654
0.0002327599299753166 0.00013794075366238556
0.00023260817188905288 0.0001377259191808651
0.0002323138154507693 0.0001375090073405076
0.00023188221342097662 0.00013729021555393406
0.0002313117582136048 0.0001370697740022582
0.00023061485651733668 0.000136847923096841
0.00022981720823305507 0.00013662488542048878
0.000228940916693655 0.00013640084025228968
0.0002280032927517896 0.00013617590967469895
0.0002270169911209569 0.00013595016149796357
0.00022599096763877303 0.00013572362723687434
0.00022493246930425166 0.00013549632678903217
0.00022384846370747968 0.00013526828878914973
0.00022274718336903233 0.00013503955814964455
0.00022163785864784676 0.00013481018873985964
0.0002205304433695433 0.0001345802264894648
0.00021943380675199558 0.00013434969296995114
0.0002183551703711308 0.000134118579281816
0.0002172991421953268 0.00013388685468139136
0.00021626858468393618 0.0001336544864583844
0.00021526507025700512 0.00013342146151769374
0.00021429021379919903 0.0001331877995176603
0.0002133460239353389 0.00013295355255200925
0.00021243514926234927 0.00013271879391991634
0.00021156042770803464 0.00013248360374704116
0.00021072443147419955 0.00013224805923747057
0.0002099291087945311 0.00013201223286065517
0.00020917562911397308 0.00013177619628412796
0.00020846471375278897 0.00013154002483726016
0.00020779695672421984 0.0001313037980446713
0.000207173262928603 0.00013106759490703196
0.00020659486533707082 0.00013083148556897878
0.00020606330689364828 0.00013059552203404518
0.00020558007045486237 0.00013035972977212817
0.00020514621846985204 0.00013012410091203797
0.00020476220838906803 0.00012988858951613544
0.00020442794137942211 0.00012965311011134753
0.0002041428222449963 0.0001294175409277086
0.00020390572026291603 0.00012918173207438974
0.00020371496480555437 0.00012894551655678876
0.00020356832171724207 0.0001287087203480121
0.00020346294807102114 0.00012847116821951624
0.00020339532818903575 0.00012823268457650208
0.00020336132995349033 0.00012799309130430425
0.00020335634141283647 0.00012775220568196285
0.00020337544044008845 0.0001275098404340362
0.0002034135874483714 0.00012726580634269888
0.00020346579279813932 0.00012701991717956745
0.00020352721930328634 0.00012677199727777894
0.00020359323009970666 0.00012652189259488786
0.00020365943836038073 0.0001262694852217465
0.00020372177013087262 0.00012601470902285847
0.00020377655281393544 0.00012575756191892523
0.00020382061841791945 0.00012549810995453672
0.0002038568014753044 0.0001252364802288644
0.00020388902093309284 0.00012497284313712706
0.00020391631465633723 0.00012470738776704238
0.00020393799791640078 0.0001244402966171336
0.00020395359721647594 0.00012417172640529633
0.00020396275275845826 0.00012390180020667788
0.00020396512521599785 0.00012363061249551568
0.00020396032582746117 0.00012335824380312055
0.00020394787849120229 0.0001230847776932907
0.00020392721983057138 0.00012281031182931682
0.0002038977362697709 0.00012253495794302752
0.00020385881463051125 0.00012225883114996144
0.0002038098771957604 0.00012198203431378757
0.00020375041005541323 0.00012170464528685546
0.0002036799779408249 0.00012142671295498064
0.00020359825792963315 0.0001211482634462524
0.00020350507002891885 0.00012086931323643593
0.00020340042690171736 0.00012058988345640953
0.00020328457422753328 0.00012031001032061436
0.00020315802221547327 0.0001200297493954873
0.0002030215278380404 0.00011974917464564055
0.0002028760373420085 0.00011946837514436107
0.00020272261520856266 0.0001191874523663039
0.00020256239267506173 0.00011890651959655524
0.0002023965607083378 0.00011862570334122968
0.00020222637168252835 0.00011834514562255802
0.00020205313204560147 0.00011806500583074267
0.0002018781499923325 0.0001177854609988524
0.00020170266733742683 0.00011750670360690177
0.00020152776112622496 0.00011722893643152307
0.00020135424274356556 0.00011695236485657207
0.0002011825870330395 0.00011667718836471525
0.00020101291179136152 0.00011640359387929053
0.00020084498554902186 0.00011613175322265981
0.00020067823919566597 0.0001158618249973084
0.000200511791050117 0.00011559395870163608
0.00020034447819602147 0.00011532829761992658
0.0002001748900972226 0.00011506497803505031
0.0002000013972043425 0.0001148041250012867
0.00019982219081504717 0.00011454584729137657
0.00019963533692278482 0.00011429023440568536
0.00019943884186418651 0.000114037356562742
0.00019923073653918948 0.0001137872659895088
0.00019900917653958532 0.0001135399966187868
0.00019877254420623262 0.00011329556023471216
0.00019851956242272339 0.00011305393930094443
0.00019824944538282215 0.0001128150786216496
0.00019796205083195064 0.00011257887876904571
0.00019765797781813525 0.00011234519409482682
0.00019733858992172676 0.00011211383761284763
0.00019701539609966734 0.00011188459402448891
0.00019670148276662092 0.0001116572401092912
0.00019640036295261835 0.00011143156863421474
0.00019611492521354505 0.00011120740911691601
0.00019584732154374903 0.0001109846382191075
0.00019559901202599543 0.00011076317547946066
0.0001953708917880246 0.00011054296576045938
0.0001951634955836997 0.00011032395556268351
0.00019497711317171613 0.0001101060732239742
0.0001948118869781654 0.00010988922125197004
0.0001946677623108012 0.00010967328323119654
0.00019454446440257206 0.00010945814062048032
0.00019444141608312632 0.00010924368989618377
0.00019435779505054976 0.00010902985054113759
0.00019429261678724356 0.00010881655946507612
0.00019424490850890764 0.00010860375489270963
0.00019421381779175973 0.00010839135837627939
0.0001941986824144427 0.00010817926419367727
0.00019419901611450848 0.00010796734081984852
0.0001942144621402456 0.00010775544239872634
0.0001942447301895852 0.00010754342332486982
0.00019428953382789326 0.0001073311487498757
0.000194348526972166 0.00010711849756975256
0.00019442123529451238 0.00010690535936530576
0.00019450696096308322 0.00010669162975016078
0.00019460467875821264 0.00010647720831166024
0.00019471291760920836 0.00010626200078989526
0.00019482968460631764 0.00010604592453173842
0.00019495241864911258 0.00010582891516836002
0.00019507802312909668 0.00010561093292177012
0.0001952029515856596 0.00010539196771835319
0.0001953233177325797 0.0001051720422918026
0.00019543498196458863 0.00010495121186291853
0.0001955336171837001 0.00010472955898596994
0.00019561478545432093 0.00010450718367606762
0.0001956740194853971 0.0001042841913925889
0.00019570692645938273 0.00010406068300720592
0.00019570930691793748 0.00010383674999366391
0.00019567729359479006 0.00010361247506295371
0.0001956074580761321 0.00010338793550339342
0.00019549687765908335 0.0001031632057392623
0.00019534315086833874 0.00010293835744912272
0.00019514435869221952 0.00010271345820767053
0.0001948990200658416 0.0001024885708174883
0.0001946060868979729 0.00010226375452612735
0.00019426501138649114 0.00010203906741912752
0.0001938758767921182 0.0001018145682286295
0.00019343956524733345 0.00010159031627996959
0.00019295787506654836 0.00010136636953212916
0.00019243352520397736 0.00010114278144778693
0.00019188080285209084 0.00010091959744979936
0.0001913177918318917 0.00010069685161830447
0.000190751600412855 0.00010047456459076273
0.0001901881579285485 0.00010025274408009821
0.00018963214358623325 0.00010003138910339576
0.0001890871605109249 9.981049758975291e-05
0.00018855599245514525 9.959007516621363e-05
0.0001880410363280952 9.937014190242177e-05
0.00018754452311328925 9.915073439483585e-05
0.00018706878892394145 9.893190253108461e-05
0.0001866161436233677 9.871370255624609e-05
0.00018618884427278333 9.849618958622519e-05
0.0001857887871668309 9.827941284433137e-05
0.00018541753172283707 9.806341555384374e-05
0.00018507619256413567 9.78482390751774e-05
0.00018476563834288757 9.76339285398975e-05
0.00018448651314730108 9.74205361283717e-05
0.000184239362895389 9.720811906396148e-05
0.00018402455818030956 9.699673202383588e-05
0.00018384222141591434 9.678641660158804e-05
0.00018369209854335363 9.657719194515121e-05
0.00018357349445770265 9.63690499192621e-05
0.0001834852659072155 9.616195562830998e-05
0.00018342585823703713 9.595585147862545e-05
0.0001833933743247944 9.575066167766266e-05
0.0001833856207231636 9.554629468893142e-05
0.00018340014082017034 9.534264307345386e-05
0.00018343424516754442 9.513958202888098e-05
0.0001834850691132522 9.493696874985844e-05
0.00018354967779590645 9.473464421946506e-05
0.00018362521149856476 9.453243780063736e-05
0.0001837090312919468 9.433017388923298e-05
0.0001837988146045055 9.412767942485259e-05
0.00018389260697385484 9.392479115785321e-05
0.0001839888633516934 9.372136180830354e-05
0.00018408646288640686 9.351726440411795e-05
0.00018418471485637827 9.33123942461131e-05
0.00018428335956243515 9.310666837713394e-05
0.00018438257340662822 9.290002311682782e-05
0.00018448291729095625 9.269241079750898e-05
0.00018458522845373458 9.248379689479058e-05
0.00018469047572603744 9.227415825794824e-05
0.00018479958588644125 9.206348248292154e-05
0.00018491328121927105 9.185176810885126e-05
0.00018503197433472168 9.163902537607724e-05
0.0001851557395355973 9.142527748272691e-05
0.00018528431819148406 9.121056223149876e-05
0.0001854171599186432 9.099493357753521e-05
0.0001855534788053958 9.07784621167404e-05
0.00018569231084236015 9.056123337921121e-05
0.0001858207472723698 9.034334312443132e-05
0.00018592724038692576 9.012488967680143e-05
0.00018601228016166486 8.99059644649848e-05
0.00018607666783490443 8.968664301168064e-05
0.0001861215919784228 8.946697915740778e-05
0.00018614871560103396 8.924700481588443e-05
0.00018616015604819465 8.90267358742737e-05
0.00018615851869132577 8.880618248638394e-05
0.0001861467348423848 8.858536008134882e-05
0.00018612804041361292 8.836429707103494e-05
0.00018610570055242311 8.8143036889924e-05
0.00018608295428862014 8.79216348436268e-05
0.0001860627229629541 8.770015275088791e-05
0.0001860476294196564 8.747865513066347e-05
0.00018603978176318987 8.725720935906164e-05
0.00018604083550690861 8.703588969043163e-05
0.000186051858321865 8.681478278461593e-05
0.0001860734252832598 8.659399164442222e-05
0.00018610559403102632 8.63736358495959e-05
0.000186147984588736 8.615384790739214e-05
0.00018619978540647167 8.593476723568055e-05
0.00018625979592637326 8.571653390538475e-05
0.00018632649106507375 8.549928372861282e-05
0.0001863981030162141 8.52831451858306e-05
0.00018647275925040845 8.506823780048828e-05
0.0001865485714856409 8.485467128284407e-05
0.00018662372996093297 8.464254494107773e-05
0.0001866965388191665 8.44319470727356e-05
0.00018676549282017416 8.422295406698699e-05
0.00018682932326992844 8.401562888532554e-05
0.00018688704478314662 8.38100187996807e-05
0.0001869379954984691 8.360615289521034e-05
0.00018698186430414067 8.340404053037986e-05
0.00018701867943522786 8.320367210291196e-05
0.00018704876064573364 8.300502272856614e-05
0.0001870726636188093 8.280805815612247e-05
0.00018709111707911497 8.261274126574944e-05
0.0001871049617382061 8.241903756293911e-05
0.00018711509554330717 8.222691909162694e-05
0.00018712243242487836 8.203636729739797e-05
0.00018712786614900052 8.184737563775649e-05
0.00018713224098536598 8.165995193925787e-05
0.0001871363317792825 8.147411936074503e-05
0.00018714082942228864 8.128991434196153e-05
0.00018714633115767275 8.110738055454661e-05
0.00018715333717279084 8.092655926299902e-05
0.00018716224261186576 8.07474778625264e-05
0.00018717331987593946 8.057013910820962e-05
0.00018718669718411688 8.039451366879599e-05
0.00018720234747613096 8.022053821400352e-05
0.00018722085170381122 8.004812025291103e-05
0.00018724287604837269 7.98771492327606e-05
0.00018726837701932452 7.970751120177366e-05
0.00018729738740407806 7.953910251785185e-05
0.0001873301446105101 7.9371837786512e-05
0.00018736718326269188 7.920564907242314e-05
0.00018740936760547311 7.904047692351007e-05
0.00018745782860819994 7.887625731619816e-05
0.0001875138463581197 7.871291051829085e-05
0.00018757867705101997 7.855033702009948e-05
0.00018765341459840075 7.838842240999108e-05
0.0001877388608133868 7.82270488751298e-05
0.00018783549741502103 7.806610794391586e-05
0.00018794343638985675 7.790550875082236e-05
0.00018806238173222479 7.774517870885039e-05
0.00018819146930214566 7.758505762624907e-05
0.00018832911552915197 7.742508971358628e-05
0.00018847285706866465 7.726521867680233e-05
0.0001886193411537564 7.710538889817847e-05
0.0001887644118917174 7.6945552030451e-05
0.00018890329056226617 7.678567543506487e-05
0.00018903077643816487 7.662574837411645e-05
0.0001891414522027486 7.64657836751538e-05
0.00018922987676438488 7.630581529324137e-05
0.00018929072841390303 7.614589402233501e-05
0.000189318926535633 7.598608367581985e-05
0.00018930970762890336 7.582645878129873e-05
0.00018925873947217458 7.566710341090632e-05
0.0001891622517346092 7.550811017789302e-05
0.0001890171934669063 7.534957876855972e-05
0.00018882134401835478 7.519161394379387e-05
0.000188573359310679 7.503432306608243e-05
0.00018827272362618457 7.487781286252826e-05
0.00018791961732844478 7.472218494886801e-05
0.0001875147553781057 7.456753018252396e-05
0.0001870592323256467 7.441392293848839e-05
0.00018655438036550376 7.426141702191261e-05
0.00018600160405217136 7.411004433093352e-05
0.0001854021857998556 7.39598158122079e-05
0.00018475704961350348 7.381072290778626e-05
0.00018406653161658567 7.366273774202237e-05
0.00018333020537878957 7.351581188695666e-05
0.00018254683552325443 7.336987549651577e-05
0.00018171454123957047 7.322483948812852e-05
0.0001808311611444663 7.30806026196136e-05
0.00017989478618392332 7.29370633671643e-05
0.0001789043978595131 7.279413455138148e-05
0.00017786045544637504 7.265175750759481e-05
0.00017676522251671353 7.250991234851109e-05
0.0001756227657484002 7.236862139913328e-05
0.00017444361531929512 7.222794421041928e-05
0.00017324426676503527 7.208796474826237e-05
0.00017203562326317324 7.194877398750826e-05
0.0001708271871602846 7.181045310783452e-05
0.00016962686115656257 7.167306256549572e-05
0.00016844121875821022 7.15366400804128e-05
0.0001672758304918294 7.140120689112794e-05
0.00016613603934310226 7.126677822882899e-05
0.00016502714569322375 7.113337242668771e-05
0.00016395492058154349 7.100101406631171e-05
0.00016292512479287405 7.086972955122617e-05
0.0001619435086535384 7.073953710478101e-05
0.00016101491475065073 7.061043578881002e-05
0.0001601433085671025 7.04823985221599e-05
0.00015933127925756352 7.035537201838596e-05
0.00015858050513424237 7.02292830932795e-05
0.0001578916956009854 7.01040477785568e-05
0.0001572650414140632 6.997957877231606e-05
0.00015670016568693578 6.985578837940404e-05
0.00015619624343209837 6.97325871173958e-05
0.00015575194523413034 6.960988066365137e-05
0.00015536550211005715 6.948756835416584e-05
0.00015503482200689394 6.936554497774527e-05
0.00015475764347142417 6.924370533759744e-05
0.00015453180149733317 6.91219495313998e-05
0.00015435542891810625 6.900018690699991e-05
0.00015422717013640168 6.887833782457178e-05
0.00015414627879693728 6.87563336524144e-05
0.00015411269243127468 6.86341159590563e-05
0.0001541270186096977 6.851163560050999e-05
0.00015419050579112 6.8388851867697e-05
0.00015430499583649916 6.826573170665151e-05
0.00015447281408976834 6.814224923624296e-05
0.00015469658316342392 6.801838590309028e-05
0.00015497901539117805 6.789413119662191e-05
0.00015532268571357091 6.7769483110873e-05
0.00015572980726800845 6.764444719173715e-05
0.00015620201626702913 6.751903359338007e-05
0.00015674021045529964 6.739325284127809e-05
0.00015734438466163996 6.726711199803864e-05
0.00015801350370820983 6.714061282605752e-05
0.00015874546469876757 6.701375236704832e-05
0.00015953716462048696 6.688652500751874e-05
0.0001603847381678239 6.675892455800664e-05
0.0001612840052063274 6.663094540154332e-05
0.00016223111342672 6.650258271465384e-05
0.00016322324741363975 6.637383237950364e-05
0.00016425932325995522 6.624469113500689e-05
0.00016534050534053804 6.611515714151014e-05
0.00016647043074945666 6.598523088627642e-05
0.00016759947656150298 6.585491636963009e-05
0.0001686811598637803 6.572422253599275e-05
0.0001697239364005151 6.559316478645799e-05
0.00017073520909118917 6.546176625620015e-05
0.00017172087706587423 6.533005864125738e-05
0.0001726853064624756 6.519808268450403e-05
0.0001736314292011343 6.506588868736632e-05
0.000174561253871998 6.49335372523048e-05
0.00017547605728365542 6.480109995629993e-05
0.00017637690096851513 6.46686592693374e-05
0.000177264412402387 6.453630709603655e-05
0.00017813892198379098 6.440414187978971e-05
0.0001789998834161849 6.427226481673862e-05
0.00017984602918494415 6.41407760243809e-05
0.0001806750287734467 6.400977135966046e-05
0.0001814839621860527 6.387934019330341e-05
0.00018226935769220004 6.3749564040122e-05
0.00018302778509660626 6.362051569963958e-05
0.00018375602519187182 6.349225848760812e-05
0.00018445136911638492 6.336484526543035e-05
0.00018511159314138796 6.323831724281206e-05
0.00018573492379105316 6.311270283287929e-05
0.0001863199825179767 6.298801702255691e-05
0.00018686573719619025 6.286426164662032e-05
0.00018737162964840607 6.274142668646898e-05
0.00018783761208784539 6.261949238963588e-05
0.0001882642402610869 6.249843179473302e-05
0.0001886525768591931 6.237821323731157e-05
0.00018900417538598492 6.225880253562383e-05
0.00018932091962959154 6.214016474310677e-05
0.00018960486876388766 6.202226557021004e-05
0.0001898581591509525 6.19050727256043e-05
0.0001900829922958909 6.17885575044802e-05
0.00019028160817792405 6.167269684763735e-05
0.00019045621203644773 6.155747582488671e-05
0.00019060894743077602 6.144289020287505e-05
0.00019074187887153061 6.132894859766508e-05
0.0001908569685018978 6.121567388757757e-05
0.00019095602582251317 6.110310393906901e-05
0.0001910406912784088 6.099129201242448e-05
0.0001911124295517748 6.0880307110485615e-05
0.00019117252561334525 6.0770233960626835e-05
0.0001912221038803578 6.066117155166528e-05
0.00019126216045450102 6.055322873099733e-05
0.00019129359527261957 6.044651570417253e-05
0.000191317251868518 6.034113143442085e-05
0.00019133397718948985 6.023714856272233e-05
0.00019134467237113165 6.013459898213114e-05
0.00019135032008844654 6.003346402412915e-05
0.000191351990856743 5.9933672879680655e-05
0.00019134959005734844 5.983511119505083e-05
0.00019134697008265568 5.973763895626011e-05
0.0001913505398132242 5.9641113607119406e-05
0.00019136658960091756 5.9545412020252375e-05
0.00019140110263940525 5.945044471615882e-05
0.00019145954767381764 5.935615814016762e-05
0.00019154670790958985 5.9262525205317634e-05
0.00019166646551812132 5.9169528959002876e-05
0.00019182169272329803 5.907714699143751e-05
0.00019201406076962334 5.8985343626805076e-05
0.00019224408899601037 5.889407313522388e-05
0.0001925110592815659 5.8803291893078785e-05
0.00019281333979754455 5.8712973189573026e-05
0.00019314846492835127 5.862311738678849e-05
0.0001935135897488422 5.85337528208503e-05
0.0001939054986976658 5.844492772293791e-05
0.00019432097132992136 5.8356697807689095e-05
0.00019475681782922963 5.8269115726101994e-05
0.00019521032622042483 5.818222669211684e-05
0.00019567951270627743 5.8096070654385656e-05
0.00019616341241945616 5.8010687866850985e-05
0.00019666212100866517 5.792612351506257e-05
0.00019717674932860825 5.784242850328386e-05
0.000197709426769764 5.7759656232555384e-05
0.00019826316545949954 5.7677857379551806e-05
0.0001988418587484192 5.75970751674551e-05
0.00019945001750200107 5.7517342643614855e-05
0.00020009266185770777 5.74386821573826e-05
0.00020077495413384867 5.736110650799223e-05
0.00020150199684271976 5.728462123924527e-05
0.00020227858368623467 5.720922765032818e-05
0.00020310896924400577 5.713492577821139e-05
0.00020399653743495466 5.706171608954938e-05
0.0002049434808681737 5.698959867968256e-05
0.00020595064963666065 5.6918569914285455e-05
0.00020701741755582787 5.6848618074815255e-05
0.00020814160453589236 5.677972044369414e-05
0.0002093193682892495 5.671184339766516e-05
0.00021054516621893022 5.664494496023312e-05
0.00021181158936590703 5.657897745818194e-05
0.00021310925948579975 5.651388797942025e-05
0.00021442690506106996 5.6449616286723125e-05
0.00021575170541876347 5.638609227600483e-05
0.00021707012231498608 5.63232361253975e-05
0.0002183691792033524 5.626096331576638e-05
0.00021963812536736612 5.6199194439998656e-05
0.00022087030911048847 5.613786757460368e-05
0.00022206491533132553 5.6076949847834456e-05
0.00022322789839464331 5.6016444685582506e-05
0.0002243718784934423 5.5956391798284155e-05
0.00022540978305903136 5.58968583397948e-05
0.00022626675649665214 5.583792201667437e-05
0.0002269696300943123 5.577964994657458e-05
0.0002275411553953929 5.5722079439286115e-05
0.00022799855846337974 5.566520705728786e-05
0.000228353809948469 5.560898960538241e-05
0.00022861430228476339 5.555335609545853e-05
0.00022878548017600726 5.549822533103266e-05
0.00022887167502607403 5.544352172126912e-05
0.00022887850985289765 5.538918317333705e-05
0.00022881160891209955 5.533515888237611e-05
0.00022867720105122213 5.5281399664004055e-05
0.00022847886795609792 5.522784694012364e-05
0.000228218001407332 5.517442688867877e-05
0.00022789178260608953 5.5121053335882575e-05
0.0002274955417746751 5.506763821784555e-05
0.0002270227509920451 5.501410444657545e-05
0.00022646766296870923 5.4960395041544347e-05
0.00022582546185256135 5.4906474846877495e-05
0.0002250931772074302 5.485232539744617e-05
0.0002242692561497147 5.479793687191217e-05
0.0002233534223379309 5.4743301706780545e-05
0.0002223465069392495 5.468841240031941e-05
0.00022125021020641283 5.4633263017085654e-05
0.00022006770650777604 5.457785189991876e-05
0.0002188037845776927 5.4522183092379356e-05
0.00021746546737543842 5.446626542066069e-05
0.00021606164831180168 5.441010973454563e-05
0.00021460311505635507 5.4353725415991205e-05
0.00021310169206678145 5.429711694966005e-05
0.00021156940848251644 5.424028086106758e-05
0.00021001798596470805 5.418320334433027e-05
0.00020845884918629522 5.412585932385722e-05
0.0002069030507815182 5.406821375096224e-05
0.00020536086849112206 5.4010225064644174e-05
0.00020384164768467248 5.3951849352845e-05
0.0002023537291929099 5.389304294260017e-05
0.00020090440372823418 5.383376182035646e-05
0.00019949974800693524 5.377395816674388e-05
0.00019814473975672358 5.3713576035546023e-05
0.00019684346714187058 5.365254861057489e-05
0.0001955992987995334 5.359079836063374e-05
0.00019441504918108642 5.352823993674469e-05
0.0001932930477468246 5.346478497132018e-05
0.00019223507078818848 5.3400348304932094e-05
0.00019124219395301052 5.333485573139063e-05
0.0001903147478615512 5.326825309899877e-05
0.00018945236949553134 5.3200515471939214e-05
0.00018865421534334256 5.313165389219526e-05
0.00018791932232965815 5.306171715495009e-05
0.00018723346640595745 5.2990787182460863e-05
0.00018658181982407777 5.29189684814399e-05
0.00018596368322202662 5.2846373943604e-05
0.00018537930856592374 5.277311032766269e-05
0.00018482984109257966 5.26992669653871e-05
0.0001843170285692818 5.262491045870954e-05
0.00018384284197771846 5.255008633110389e-05
0.000183409063678017 5.247482614482296e-05
0.00018301699917963086 5.239915643540788e-05
0.00018266728438888334 5.232310514098268e-05
0.00018235993679644876 5.224670256496339e-05
0.0001820944602216832 5.216997670669937e-05
0.0001818700256637598 5.209294555990132e-05
0.00018168553576864864 5.201561028484944e-05
0.00018153967170149018 5.193795246499072e-05
0.00018143085185467187 5.1859936545745056e-05
0.00018135722743984283 5.178151619061183e-05
0.0001813166871027613 5.17026418339582e-05
0.0001813069328334039 5.16232666587374e-05
0.0001813255928236872 5.154334943327163e-05
0.00018137033429373032 5.1462854318506945e-05
0.00018143892656384038 5.138174906648904e-05
0.00018152925275972503 5.130000336030574e-05
0.00018163930073574378 5.121758851189123e-05
0.00018176718097697881 5.113447876334276e-05
0.00018191116201584607 5.105065367522199e-05
0.0001820697150723909 5.096610075189939e-05
0.00018224152029218402 5.0880817458996e-05
0.0001824254681874649 5.079481194057364e-05
0.00018262061140607636 5.070810201951784e-05
0.0001828260726560445 5.062071256645498e-05
0.0001830409453780522 5.0532672007132934e-05
0.0001832642331469879 5.044400928767498e-05
0.00018349480428564815 5.035475254042479e-05
0.00018373132211697298 5.026492989179329e-05
0.00018397217130540621 5.0174571740013024e-05
0.00018421536273131365 5.008371325261607e-05
0.0001844584144512359 4.999239621465007e-05
0.00018469821352368792 4.990067047817501e-05
0.00018493092056462014 4.980859608940194e-05
0.00018515194586135483 4.9716246888216464e-05
0.00018535601524665641 4.962371491750925e-05
0.00018553737099792595 4.953111330124188e-05
0.00018569010834859655 4.9438574533076235e-05
0.00018580857220184513 4.93462420047136e-05
0.00018588778309047805 4.9254254773426626e-05
0.00018592392364032379 4.916272809855904e-05
0.00018591477440731691 4.907173430623163e-05
0.00018585994031930595 4.8981289456663524e-05
0.00018576083346471482 4.889135079990878e-05
0.0001856111633355628 4.8801827810699555e-05
0.0001854130475638091 4.871260582535453e-05
0.00018517853168801085 4.862357681400392e-05
0.00018491805427377732 4.853466838625545e-05
0.00018464027537107695 4.844586166197207e-05
0.00018435227051073142 4.835719205091224e-05
0.00018405983569841873 4.826873330400494e-05
0.000183768047167541 4.8180571828281005e-05
0.0001834815094848928 4.809278208455642e-05
0.0001832047255372938 4.800541301420991e-05
0.00018294199919376513 4.7918490036855804e-05
0.00018269754052225556 4.783202974689357e-05
0.00018247521560725167 4.7746058559634125e-05
0.00018227870075550898 4.766062519061601e-05
0.0001821115154401756 4.757580064466624e-05
0.0001819773674369529 4.7491666251380654e-05
0.00018188027293972137 4.7408296399025635e-05
0.00018182468961518638 4.732574467797637e-05
0.00018181546213618898 4.724403936175875e-05
0.00018185775703865163 4.7163188544769447e-05
0.00018195697200672022 4.708319038675482e-05
0.00018211865006236764 4.700404237776429e-05
0.000182348391555843 4.692574563789839e-05
0.00018265178594473736 4.684830399421386e-05
0.0001830343069234495 4.677172037351532e-05
0.0001835012324572223 4.669599354387502e-05
0.00018405749103620785 4.662111685597298e-05
0.00018470757016913735 4.654707901565608e-05
0.0001854553385823037 4.647386620199381e-05
0.00018630397613154397 4.6401465088420635e-05
0.00018725596573147165 4.63298665118253e-05
0.00018831313411358006 4.625906898117829e-05
0.00018947662813461423 4.618908035865926e-05
0.00019074686421034705 4.611991600100146e-05
0.00019212353355799644 4.6051593214347514e-05
0.00019360555379722635 4.598412425077178e-05
0.0001951909977639344 4.5917511407384676e-05
0.00019687697401161888 4.5851746761089995e-05
0.00019865953342843042 4.578681611838373e-05
0.00020053347725338465 4.572270408949308e-05
0.00020249217303681578 4.565939680761452e-05
0.00020452745767724826 4.559688092380457e-05
0.00020662965813214189 4.5535140284058e-05
0.0002087878828983228 4.547415299346186e-05
0.00021099066692233453 4.541389068401028e-05
0.00021322696126801658 4.535431989996161e-05
0.0002154872775944209 4.5295404278132556e-05
0.0002177647966053965 4.5237106325864834e-05
0.0002200560649186657 4.517938833897492e-05
0.00022236103301276916 4.512221241805697e-05
0.00022464124466704233 4.506553942531036e-05
0.00022686182149292902 4.500932678899727e-05
0.00022902795418483325 4.495352578749029e-05
0.00023114188255200178 4.4898079899016036e-05
0.0002332017650731694 4.4842925970733916e-05
0.00023520165462350662 4.478799882205384e-05
0.00023713239191752573 4.473323802057019e-05
0.0002389834481557524 4.467859421064535e-05
0.00024074465121321412 4.462403240866261e-05
0.00024240787292536 4.456953105025016e-05
0.00024396732320285846 4.4515077506489253e-05
0.0002454193879565878 4.44606623356443e-05
0.00024676119749340343 4.4406275057647104e-05
0.00024798985573780267 4.435190347517118e-05
0.0002491015561908416 4.4297536735991155e-05
0.00025009222785637606 4.4243170259215814e-05
0.0002509582101858437 4.418880945665851e-05
0.0002516976922812233 4.413446970653184e-05
0.00025231136506336443 4.408017210853071e-05
0.0002528026837488624 4.4025936913740654e-05
0.00025317718229228206 4.397177773240654e-05
0.00025344148903819793 4.391769892344438e-05
0.0002536023758986736 4.386369656780506e-05
0.00025366614416384866 4.380976144646026e-05
0.0002536387244692815 4.375588166289843e-05
0.0002535259732546729 4.3702043241465593e-05
0.0002533341280804951 4.364822854032585e-05
0.00025306976029167985 4.359441359475663e-05
0.00025273959750082094 4.3540565909151036e-05
0.00025234987183645483 4.3486643709456096e-05
0.00025190567456807167 4.3432596819961006e-05
0.00025141069143001343 4.3378368749163315e-05
0.00025086746187738735 4.332389946194726e-05
0.0002502777812036904 4.326912845499867e-05
0.0002496429620143998 4.321399778673546e-05
0.00024896409721544344 4.315845451762987e-05
0.00024824219630830785 4.3102451836630334e-05
0.00024747817095034663 4.304594833989123e-05
0.00024667269731744416 4.2988905467271354e-05
0.0002458262666699854 4.293128373459437e-05
0.0002449394232527577 4.287303874155046e-05
0.00024401310686780753 4.281411793489662e-05
0.0002430491000796233 4.275445897683819e-05
0.00024205044990548117 4.2693990531601084e-05
0.00024102164218814124 4.2632636208145974e-05
0.00023996849164667676 4.2570321943321415e-05
0.00023889796264223403 4.2506986047387285e-05
0.00023781791031672335 4.2442589737602676e-05
0.0002367367326303671 4.237712494570625e-05
0.00023566304237381311 4.23106161739524e-05
0.00023459470030781572 4.224311450077428e-05
0.0002335312281516517 4.217468416285383e-05
0.00023248097100163757 4.210538474896594e-05
0.0002314512289157239 4.203525397284205e-05
0.00023044819353273496 4.196429641468297e-05
0.00022947695704970375 4.1892482023350025e-05
0.00022854129141500903 4.181975484722836e-05
0.00022764382880087515 4.174604854637401e-05
0.0002267857517442814 4.1671302477834515e-05
0.00022596721988949934 4.1595472020618945e-05
0.00022518718916058323 4.15185295972835e-05
0.0002244441383612784 4.144045730620355e-05
0.00022373579763506797 4.136123595851679e-05
0.00022305977070865082 4.1280836617089284e-05
0.00022241322701782592 4.119921890713418e-05
0.00022179351679902179 4.1116336523538966e-05
0.0002211979282954034 4.1032146707330186e-05
0.00022062405954001075 4.0946618880585706e-05
0.0002200696177389226 4.085973871308102e-05
0.00021953264608957806 4.0771506694934484e-05
0.0002190116366668286 4.0681933031576356e-05
0.00021850577061368888 4.059103191530675e-05
0.00021801500195615375 4.049881766421057e-05
0.00021753989857194186 4.040530357582797e-05
0.00021708151056226206 4.0310502878296295e-05
0.0002166411204105325 4.021443057888527e-05
0.0002162202295038037 4.011710521701489e-05
0.00021582047274965862 4.0018550000020525e-05
0.00021544368591090444 3.991879299591189e-05
0.0002150917896355571 3.9817866133814994e-05
0.00021476663055754219 3.971580307938691e-05
0.00021446980300132264 3.9612636756041625e-05
0.00021420252138669682 3.95083979706605e-05
0.0002139654930089849 3.9403116461479704e-05
0.0002137587940620406 3.929682449225341e-05
0.00021358184986576236 3.918956140665231e-05
0.000213433481523042 3.9081376661215944e-05
0.00021331198212220335 3.897232953775642e-05
0.00021321516933517603 3.8862485688996584e-05
0.00021314044064344728 3.8751912511229836e-05
0.0002130848053397439 3.864067571261731e-05
0.00021304489333661257 3.852883824905645e-05
0.00021301695245131309 3.841646105150545e-05
0.00021299684876913933 3.8303604071095176e-05
0.0002129800994934113 3.8190326550547465e-05
0.00021296196143532335 3.807668646597581e-05
0.0002129375839347425 3.796273975829531e-05
0.00021290222004980577 3.784853990058262e-05
0.0002128514537102244 3.773413793988281e-05
0.0002127813775987972 3.761958303277399e-05
0.00021268992465056289 3.750492366270952e-05
0.00021257796429880512 3.7390209723986434e-05
0.00021244565232771088 3.727549507059197e-05
0.00021229272424102156 3.7160839282679436e-05
0.00021211834095478794 3.704630708947082e-05
0.00021192109213494034 3.6931964649537796e-05
0.00021169911136786692 3.681787345441098e-05
0.00021145035358072925 3.6704084081667226e-05
0.00021117284071177418 3.659063241229915e-05
0.00021086495528200073 3.647753996776151e-05
0.00021052547900977692 3.63648181625105e-05
0.00021015361050511522 3.625247435827886e-05
0.00020974871839451857 3.6140516705029935e-05
0.00020931026073389112 3.6028955315452194e-05
0.00020883760811453477 3.5917799263641276e-05
0.00020833017213621913 3.580705121105851e-05
0.00020778746914159376 3.5696702854734474e-05
0.000207209363875731 3.5586733968868967e-05
0.00020659613464591478 3.5477115769472906e-05
0.00020594851548083593 3.5367816921167555e-05
0.00020526758125561834 3.525880920203853e-05
0.0002045546179197828 3.5150070347104295e-05
0.00020381100475611217 3.5041583441964425e-05
0.00020303813796126554 3.4933334169338914e-05
0.00020223748628541137 3.482530809590864e-05
0.00020141066190119315 3.47174896879604e-05
0.000200559542944054 3.460986342029501e-05
0.00019968628952818907 3.450241613507307e-05
0.00019879336529356938 3.4395139370133054e-05
0.00019788344813256574 3.4288030711284584e-05
0.00019695932705079576 3.4181093885237573e-05
0.00019602384874270495 3.407433769416282e-05
0.00019507994813123606 3.3967773933413214e-05
0.00019413067668726084 3.386141440010759e-05
0.00019317916724450945 3.3755267357948177e-05
0.00019222858756422792 3.364933434225198e-05
0.00019128205746255766 3.354360855274685e-05
0.00019034253330563316 3.3438075808633894e-05
0.0001894126700506767 3.3332718131925954e-05
0.00018849475537333673 3.322751902867793e-05
0.00018759071718346549 3.3122468986988146e-05
0.00018670219278928293 3.301756986255969e-05
0.00018583067284455278 3.291283725855021e-05
0.0001849776844102977 3.2808300310945004e-05
0.00018414494239085995 3.270399839888985e-05
0.00018333443264066248 3.259997456094704e-05
0.00018254845527343369 3.249626623396881e-05
0.0001817896039713135 3.2392895160174295e-05
0.00018106067598415635 3.2289859344378224e-05
0.00018036454411202307 3.2187129990379065e-05
0.00017970133631927264 3.208465518743722e-05
0.00017907179776951483 3.1982370054126075e-05
0.00017847948482805538 3.188021088893975e-05
0.00017792769002214511 3.177812933663829e-05
0.00017741938247088426 3.167610230339277e-05
0.0001769571397149696 3.157413450538549e-05
0.00017654309140215172 3.14722529652714e-05
0.0001761788464441217 3.137049569458886e-05
0.00017586544445527557 3.126889899826915e-05
0.0001756032980151518 3.1167488282149436e-05
0.0001753922467325236 3.106627551542965e-05
0.00017523161681642048 3.09652634259e-05
0.00017512032917904144 3.086445351088707e-05
0.00017505691425595654 3.076385354472064e-05
0.00017503958706262306 3.0663481031735496e-05
0.000175066275068777 3.056336136472368e-05
0.00017513471703260386 3.0463522095687534e-05
0.00017524250308333412 3.0363986265564274e-05
0.00017538716857757033 3.026476769478481e-05
0.00017556631117390166 3.0165869717664606e-05
0.00017577779911609237 3.0067287073928806e-05
0.0001760199692261214 2.996900943938799e-05
0.00017629171713228972 2.987102484578591e-05
0.00017659242940618955 2.9773321819755172e-05
0.00017692176763817565 2.967588987034392e-05
0.00017727945530447687 2.9578718584125085e-05
0.00017766514709662966 2.9481795898990415e-05
0.00017807844556106919 2.9385106295062857e-05
0.0001785189623855905 2.928862973908611e-05
0.00017898640501174212 2.9192342061057364e-05
0.0001794805976668752 2.909621694020814e-05
0.00018000138477744997 2.9000228799456323e-05
0.00018054845251584244 2.8904355245214924e-05
0.00018112119179465247 2.8808577716189082e-05
0.00018171867805826054 2.8712879927877272e-05
0.0001823397484569016 2.8617244969643407e-05
0.00018298318298326825 2.8521652636975814e-05
0.00018364797353946906 2.842607826280749e-05
0.00018433363036449832 2.833049313164318e-05
0.00018504042934834353 2.8234865471966908e-05
0.00018576955375537566 2.8139160840604666e-05
0.00018652312396219076 2.8043341462131305e-05
0.00018730409034951317 2.7947365172521083e-05
0.0001881159725796351 2.7851185075204038e-05
0.00018896247735288992 2.7754750702258663e-05
0.0001898470248448746 2.7658010639447506e-05
0.00019077220901878763 2.7560915977966477e-05
0.00019173931759826552 2.746342374812527e-05
0.0001927480782259004 2.7365499552466782e-05
0.00019379672982683925 2.7267118662029077e-05
0.00019486595429957565 2.7168264940910514e-05
0.0001959359772699995 2.7068927392449177e-05
0.00019700381403347982 2.6969095102576807e-05
0.0001980680719482585 2.6868752323449402e-05
0.00019912935091752606 2.676787587936949e-05
0.00020019014867466347 2.666643632464813e-05
0.00020125420099206877 2.656440269373228e-05
0.00020232561363169545 2.6461748972909926e-05
0.00020340783966254635 2.6358459541010043e-05
0.000204503128445952 2.625453123777932e-05
0.00020561221099482503 2.614997129424257e-05
0.00020673470752281684 2.60447923147826e-05
0.00020786956752342123 2.5939006898470507e-05
0.0002090158206544074 2.5832624586424185e-05
0.00021017273524489872 2.572565247782252e-05
0.00021133986174257677 2.561809884684893e-05
0.000212516506173623 2.5509977495584424e-05
0.00021370138741361847 2.540131038598903e-05
0.00021489227784960362 2.52921273043126e-05
0.00021608604751030303 2.5182463140649425e-05
0.00021727886637710136 2.507235459524304e-05
0.00021846657787851276 2.496183811964009e-05
0.00021964505900287765 2.48509498735755e-05
0.00022081043534026595 2.4739727167287506e-05
0.00022195918597102678 2.462821021636391e-05
0.00022308803916228453 2.4516443149456835e-05
0.00022419387327366998 2.440447392300718e-05
0.00022527359963074838 2.429235339643926e-05
0.00022632424777808193 2.418013400323077e-05
0.0002273430809032253 2.4067868301086426e-05
0.0002283277293428571 2.3955607506103566e-05
0.0002292762637122667 2.384340019276343e-05
0.00023018719314912985 2.373129164208801e-05
0.00023105935533843683 2.3619324351409343e-05
0.0002318917357226104 2.3507539876628514e-05
0.00023268334578821297 2.339598147185762e-05
0.00023343316823308728 2.3284696490884216e-05
0.00023414015474093857 2.3173737617593337e-05
0.00023480322206802468 2.3063162679120425e-05
0.00023542126766177592 2.295303352662162e-05
0.00023599316262397943 2.284341472316362e-05
0.00023651770790247747 2.2734372433167588e-05
0.00023699358764241944 2.262597337367861e-05
0.00023741934910188471 2.251828343903181e-05
0.00023779343975814443 2.241136585394085e-05
0.0002381143148790994 2.2305279134951506e-05
0.00023838061500524506 2.2200075332334118e-05
0.00023859135325787393 2.209579891877464e-05
0.00023874606666997796 2.1992486365609437e-05
0.00023884489273401526 2.189016632885704e-05
0.00023888058628297935 2.1788860347357608e-05
0.00023885116137612359 2.1688583938809375e-05
0.00023876410924329874 2.1589347865148822e-05
0.00023862705618929165 2.149115911855709e-05
0.00023844764853239023 2.1394021239646427e-05
0.00023823353851966372 2.1297933860138507e-05
0.0002379923920185487 2.1202891849186195e-05
0.0002377319824771339 2.1108884694698293e-05
0.00023746014427780164 2.1015896691820718e-05
0.00023718475326365226 2.092390811816308e-05
0.00023691351232352345 2.083289709380043e-05
0.00023665382818816624 2.0742841503728487e-05
0.0002364125852301344 2.065372029204024e-05
0.00023619610349655701 2.056551369988141e-05
0.0002360100594310907 2.047820246815074e-05
0.00023585953096906195 2.0391766535819006e-05
0.00023574897388970936 2.0306184012146983e-05
0.00023568221568175216 2.022143109792554e-05
0.000235662391650505 2.013748309571614e-05
0.00023569188943768326 2.0054316026935776e-05
0.00023577231550609283 1.9971908048834613e-05
0.00023590450293965802 1.989023997549938e-05
0.00023608854887616164 1.9809294736900657e-05
0.0002363238645644784 1.9729056191335886e-05
0.00023660919249247767 1.9649508014217554e-05
0.00023694262338472784 1.9570633239172908e-05
0.0002373215949795434 1.949241461343676e-05
0.00023774296183928383 1.9414835465064034e-05
0.00023820308124054612 1.9337880604462093e-05
0.00023869797127995667 1.926153690085669e-05
0.00023922346795839181 1.9185793476698965e-05
0.00023977533635780886 1.911064169145965e-05
0.00024034928188442905 1.9036075124875124e-05
0.00024094089557287555 1.8962089631324036e-05
0.00024154559167234775 1.888868335741742e-05
0.00024215851379902944 1.8815856538310916e-05
0.00024277444325650912 1.8743610897563323e-05
0.0002433877183991361 1.867194852746626e-05
0.00024399220416770057 1.8600870234745936e-05
0.0002445812493653621 1.8530373389637894e-05
0.00024514766691715575 1.8460449546973956e-05
0.0002456837705757416 1.8391082333178016e-05
0.00024618148177115486 1.832224631687085e-05
0.00024663254696656996 1.8253907594228264e-05
0.0002470288515664367 1.8186026571928582e-05
0.00024736279951910304 1.8118562864544163e-05
0.0002476276918520636 1.805148154887179e-05
0.00024781805353083256 1.7984759429962027e-05
0.0002479298032224059 1.791838968768708e-05
0.00024796026032974965 1.7852383482314105e-05
0.00024788401244426646 1.7786767830041406e-05
0.0002476867376547954 1.7721580158593098e-05
0.000247380128453812 1.7656860998971347e-05
0.00024697567165031883 1.7592646885760538e-05
0.00024648446326832674 1.752896544886251e-05
0.0002459172033866926 1.7465833875292963e-05
0.00024528400942619725 1.7403260709116658e-05
0.00024459459433658293 1.7341249856157176e-05
0.00024385796013293143 1.7279804990597003e-05
0.0002430827029015539 1.7218932634135986e-05
0.00024227660200618455 1.7158642847299455e-05
0.00024144697569872752 1.7098947522890123e-05
0.00024060018436164798 1.703985724344978e-05
0.00023974206760332722 1.6981378158580085e-05
0.00023887757869467066 1.6923510220558796e-05
0.0002380112951731956 1.6866247344645563e-05
0.000237147205841102 1.68095791747494e-05
0.00023628912144686096 1.675349341905691e-05
0.00023544058599485375 1.6697977657541274e-05
0.00023460508806409894 1.664301994641973e-05
0.000233786046416713 1.65886082669868e-05
0.0002329868688992503 1.6534729354120842e-05
0.00023221095214328116 1.648136761159963e-05
0.0002314615960587436 1.642850454623007e-05
0.00023074202805477121 1.637611881837725e-05
0.00023005532286639755 1.6324186739843927e-05
0.00022940444597828073 1.6272683010552097e-05
0.00022879218992654721 1.622158146286426e-05
0.00022822123991255683 1.61708556552613e-05
0.00022769413391818358 1.61204791317357e-05
0.00022721325099832153 1.6070425257429938e-05
0.00022678085005765813 1.602066664886312e-05
0.00022639916076667486 1.5971174395067872e-05
0.0002260704399891689 1.5921917273169217e-05
0.00022579698592456817 1.587286102435262e-05
0.00022558117496301663 1.5823967584645965e-05
0.00022542549039871715 1.577519410579653e-05
0.00022533251512363157 1.5726491766013956e-05
0.00022530486901142232 1.5677804681230034e-05
0.0002253451087077453 1.5629069391186884e-05
0.00022545559595545233 1.5580215360938565e-05
0.00022563836770554896 1.5531166604569602e-05
0.00022589504187536067 1.5481844260884642e-05
0.00022622679177434216 1.5432169797966605e-05
0.00022663441860785088 1.5382068520083253e-05
0.0002271185302185323 1.533147313901792e-05
0.00022767977828650696 1.52803270560449e-05
0.000228319109879879 1.5228586882461842e-05
0.00022903797074686245 1.5176223627982877e-05
0.00022983840506335588 1.5123222113420237e-05
0.00023070239646223498 1.5069578552680957e-05
0.0002316115325846831 1.5015296747983992e-05
0.0002325676285894844 1.496038378643108e-05
0.00023357212204018824 1.4904846345014516e-05
0.0002346258331987145 1.4848688631496909e-05
0.00023572887753305093 1.479191252290804e-05
0.0002368807146551072 1.4734519710422889e-05
0.00023808035350200325 1.4676514883540243e-05
0.00023932656397086585 1.4617908510219935e-05
0.0002406181256378478 1.4558717940156563e-05
0.00024195387787195012 1.449896631910974e-05
0.00024333271576608612 1.4438679895919376e-05
0.0002447533667459109 1.4377885075717023e-05
0.00024621425559948144 1.4316606662827941e-05
0.0002477132742340693 1.4254868084696143e-05
0.0002492477860071757 1.4192693362332504e-05
0.0002508146435463717 1.4130109724060785e-05
0.0002524104559116244 1.4067149503506349e-05
0.0002540318393670015 1.400385043796859e-05
0.0002556756870716005 1.3940254330348928e-05
0.00025733923424009323 1.387640485895486e-05
0.0002590199797031216 1.3812345604422016e-05
0.00026071551538105274 1.3748119087546307e-05
0.00026242334551857574 1.3683766898760219e-05
0.0002641408258213926 1.3619330476645486e-05
0.0002658651471895661 1.3554851857514039e-05
0.00026759339694567235 1.3490373955538093e-05
0.0002693225796208768 1.3425940299214428e-05
0.00027104969057699716 1.3361594423205031e-05
0.0002727716846478871 1.3297379136346238e-05
0.00027448537412947093 1.3233335847288863e-05
0.00027618732519912534 1.3169504101649687e-05
0.0002778737996797313 1.3105921545297772e-05
0.0002795406817680094 1.3042624478615955e-05
0.00028118338690082985 1.2979648992484522e-05
0.0002827968585947659 1.2917032376474208e-05
0.0002843756160010534 1.2854814340088061e-05
0.00028591379564691613 1.2793037800887946e-05
0.0002874051463927198 1.2731749388025793e-05
0.00028884303820242966 1.2671000148529316e-05
0.0002902204944663291 1.2610846771368006e-05
0.00029153025648066794 1.255135306237748e-05
0.00029276495339968406 1.2492590707416373e-05
0.00029391740906869866 1.2434638047863211e-05
0.0002949810166261513 1.2377575993899326e-05
0.00029595014624156726 1.2321481092949366e-05
0.0002968206090274753 1.226641686438018e-05
0.00029759004123787014 1.2212425363308105e-05
0.00029825804670183964 1.2159521297398779e-05
0.00029882608973826166 1.2107690715926211e-05
0.00029926501659985013 1.2056895289259267e-05
0.00029955749147062786 1.2007081617033954e-05
0.0002997203636071769 1.1958193263432448e-05
0.000299769501162465 1.1910182031761585e-05
0.0002997195615114413 1.1863014994138721e-05
0.0002995840875520584 1.1816675195629872e-05
0.00029937563654215834 1.1771156320738302e-05
0.00029910624337074694 1.1726453936794501e-05
0.0002987874574950358 1.1682557168310459e-05
0.0002984306557880689 1.1639444287381978e-05
0.00029804669827071046 1.1597083810814535e-05
0.00029764597989660833 1.1555440125626815e-05
0.0002972378413280075 1.1514480680981792e-05
0.0002968306352022997 1.1474181248513626e-05
0.00029643142861931365 1.1434526953332802e-05
0.0002960463753203859 1.1395509078877125e-05
0.00029568069107703483 1.135711972669387e-05
0.00029533892922558355 1.1319347272345515e-05
0.000295024900286069 1.128217472183557e-05
0.00029474172403591597 1.1245581273272576e-05
0.0002944918020859495 1.1209545711866192e-05
0.00029427687671080687 1.1174049606543779e-05
0.00029409809741355445 1.1139078911280575e-05
0.00029395608081355924 1.1104623717287515e-05
0.00029385101204534153 1.107067690840624e-05
0.00029378271341485565 1.103723271903348e-05
0.0002937507193100232 1.100428579942428e-05
0.0002937542991127738 1.0971830881098543e-05
0.00029379244291460286 1.093986292771687e-05
0.00029386381041090966 1.090837761438812e-05
0.0002939666910211121 1.0877372055625306e-05
0.00029409898879238186 1.0846845521793325e-05
0.0002942581922500204 1.0816799646491682e-05
0.00029444132519193837 1.0787237677570283e-05
0.00029464492226053096 1.0758162875733335e-05
0.00029486500071079183 1.0729576835150079e-05
0.0002950970355196842 1.0701478840288714e-05
0.0002953359148718656 1.0673866887255662e-05
0.0002955759009498112 1.0646739957459461e-05
0.0002958105260777649 1.062010034687949e-05
0.0002960324775478145 1.0593954770009295e-05
0.0002962335310564135 1.0568313813238278e-05
0.0002964045704751342 1.0543190300658922e-05
0.0002965357962102253 1.0518597584795175e-05
0.00029661717992749483 1.0494548536986448e-05
0.00029663916008076984 1.0471055361640363e-05
0.00029659345182026637 1.044812990869462e-05
0.0002964738433749502 1.0425784103557795e-05
0.0002962767376255263 1.0404030238192474e-05
0.00029600127380801424 1.038288093569914e-05
0.0002956481571418761 1.0362348585885722e-05
0.0002952200700626752 1.0342444115692129e-05
0.0002947208080411467 1.0323175362456777e-05
0.00029415307520939374 1.030454568124936e-05
0.0002935174956894024 1.0286553554152145e-05
0.00029281227942134656 1.0269193512123242e-05
0.0002920336105102971 1.0252458046481477e-05
0.0002911766762839024 1.0236339651453069e-05
0.00029023691553111113 1.0220832050999301e-05
0.00028921114423324876 1.0205930125632007e-05
0.0002880979969909698 1.0191628661893049e-05
0.000286897690138089 1.0177920572257415e-05
0.0002856110699556931 1.0164795516111325e-05
0.0002842386054613238 1.0152239618369668e-05
0.00028277957262351375 1.0140236463271335e-05
0.00028123200871554534 1.0128768832138452e-05
0.000279593161454743 1.0117820260752142e-05
0.0002778603670107589 1.0107375558586484e-05
0.00027603174023873293 1.0097420071710633e-05
0.00027410645932829543 1.0087938175640243e-05
0.00027208440187075647 1.0078911907011878e-05
0.0002699654061592005 1.0070320419854756e-05
0.0002677485136719738 1.0062140401313757e-05
0.00026543153848658307 1.0054346968813715e-05
0.0002630112347527667 1.004691437997765e-05
0.00026048390999636417 1.0039816070787216e-05
0.0002578462537723524 1.0033024003819335e-05
0.0002550959888814248 1.0026507638108417e-05
0.0002522322713923755 1.0020232946144486e-05
0.0002492556604264393 1.001416175824138e-05
0.00024616786313648605 1.0008251516580718e-05
0.00024297158210091036 1.0002455441218e-05
0.00023967056858525965 9.996723070535701e-06
0.00023626966120987415 9.991001218817575e-06
0.00023277464709755332 9.985235243408636e-06
0.00022919199327945118 9.979370404842453e-06
0.00022552838732826737 9.973352935181007e-06
0.00022179008909238522 9.967130492997966e-06
0.00021798223033132847 9.960651868798354e-06
0.00021410832342342052 9.953866060081334e-06
0.00021017012425219008 9.946721032893374e-06
0.00020616786252013476 9.93916256513197e-06
0.00020210085445360252 9.931133692676203e-06
0.00019796837894212982 9.922575235726122e-06
0.00019377048333185602 9.913427963546828e-06
0.0001895085557999448 9.903636532960364e-06
0.00018518575036227444 9.893154847208374e-06
0.000180807174586647 9.881951741490952e-06
0.00017637970630163033 9.870015366019586e-06
0.0001719116056011797 9.857354725965883e-06
0.00016740782999601726 9.843997417276207e-06
0.0001628809159171681 9.829983751014071e-06
0.0001583447908492601 9.8153586548487e-06
0.00015381289775054016 9.800163664391848e-06
0.0001492981739016591 9.784431416547112e-06
0.00014481333158259397 9.768184342947434e-06
0.00014037035186638064 9.751437728248297e-06
0.0001359810482786284 9.734205644536947e-06
0.00013165595518766225 9.716507080474723e-06
0.0001274052742848865 9.698369595436546e-06
0.0001232375965160131 9.679829068034995e-06
0.00011916132257235963 9.660925921223251e-06
0.00011518310228598259 9.64169990566241e-06
0.00011130931318001265 9.622185978105241e-06
0.00010754462730261517 9.602413075057714e-06
0.00010389355334741244 9.58240600936952e-06
0.00010035932873561972 9.562189107605729e-06
9.69449974905581e-05 9.54178962205704e-06
9.365272706664801e-05 9.521239334120413e-06
9.048442800373228e-05 9.500573988744515e-06
8.744179631551984e-05 9.479831300888975e-06
8.452675600847073e-05 9.459048826265803e-06
8.174160784741815e-05 9.438262658034713e-06
7.908865983630674e-05 9.417507248428436e-06
7.657016109931399e-05 9.396815962015026e-06
7.418778915612218e-05 9.376221824147768e-06
7.19427899898477e-05 9.35575805099259e-06
6.983575465652196e-05 9.33545825765672e-06
6.786703789439882e-05 9.315356328538915e-06
6.603665628629659e-05 9.295485946077958e-06
6.43441551434801e-05 9.27587980347963e-06
6.278848635121735e-05 9.256568696144885e-06
6.136805250025918e-05 9.237580976439314e-06
6.008060765908676e-05 9.218942733812963e-06
5.89229754995406e-05 9.200678695021197e-06
5.789103531201146e-05 9.182813172015775e-06
5.697985461299107e-05 9.165370107221127e-06
5.618387381896037e-05 9.148371632832636e-06
5.549696622797027e-05 9.131835368620528e-06
5.491256190174643e-05 9.115771467487627e-06
5.4423704890693657e-05 9.100180548882869e-06
5.402301148563871e-05 9.085053121204306e-06
5.370260048716093e-05 9.07037034390823e-06
5.3454007739769234e-05 9.056105585922292e-06
5.326813756831364e-05 9.042226324269126e-06
5.313530401526288e-05 9.028696259006513e-06
5.3045418378838496e-05 9.015477635092306e-06
5.2988300580595294e-05 9.00253359867667e-06
5.295411048417368e-05 8.98983013123203e-06
5.2933824837413916e-05 8.977337106755995e-06
