6.1988682053335845e-09 0.000253420189584512
1.5417053360179018e-08 0.00025341415877500745
2.9546445131679224e-08 0.00025340173658675025
5.253632471199876e-08 0.0002533894522742698
8.508457233412682e-08 0.00025337692643058116
1.3284609661643254e-07 0.0002533649076633705
1.9502739388474655e-07 0.0002533524489173357
2.7759184437873787e-07 0.00025334014208957395
3.8111687076874173e-07 0.00025332823161252835
5.089131696357521e-07 0.0002533155926292448
6.642706490749647e-07 0.0002533037265761845
8.4859057692534e-07 0.00025329139947240925
1.0660555564637812e-06 0.0002532792879303067
1.3178987302568866e-06 0.00025326719517701837
1.60821778833355e-06 0.00025325507998576885
1.938655391092571e-06 0.0002532429897667138
2.3120436636267236e-06 0.0002532305292289802
2.731384512466839e-06 0.0002532185604592861
3.1988945619746944e-06 0.0002532065984273829
3.71797702791479e-06 0.00025319473968291387
4.29056316884994e-06 0.0002531827090806772
4.9197291629825e-06 0.00025317048748752305
5.60775577370906e-06 0.00025315838407790475
6.3575141120124235e-06 0.00025314631454686
7.17182229698102e-06 0.00025313441604836104
8.052901527818732e-06 0.00025312231243528743
9.003711497021739e-06 0.0002531102960082361
1.0026758680281962e-05 0.00025309848860346346
1.1124983983302794e-05 0.0002530867170496935
1.2300759734668205e-05 0.00025307479932448404
1.3556534731811827e-05 0.0002530625920004609
1.4895148530064367e-05 0.0002530504895706491
1.6319152079041032e-05 0.00025303854267815645
1.7831307709602227e-05 0.00025302672708375773
1.9434047321799576e-05 0.00025301493600078315
2.1130110165975388e-05 0.00025300310061215567
2.2922090226392853e-05 0.0002529912549653346
2.4812501533469823e-05 0.00025297932607986143
2.6804092257974934e-05 0.00025296741608746287
2.8899397894769405e-05 0.00025295544661553884
3.1101031053711664e-05 0.00025294335975376697
3.341154732350106e-05 0.0002529312301166181
3.583368458168649e-05 0.0002529190982114328
3.837006345073585e-05 0.0002529068598429926
4.1023299552478644e-05 0.0002528943027490932
4.3796065520646375e-05 0.0002528813057081497
4.6690837661477287e-05 0.0002528677152113523
4.971022139115069e-05 0.0002528535541385102
5.285671238257634e-05 0.00025283893968517865
5.6132873453716754e-05 0.00025282397766019857
5.944739807038593e-05 0.0002528087430892466
6.270968689627499e-05 0.0002527931267465068
6.592024567984929e-05 0.0002527770333812032
6.907945476003076e-05 0.00025276044728872807
7.218772958979776e-05 0.0002527434369436546
7.52455864185572e-05 0.0002527260245128657
7.825334607763869e-05 0.0002527081424600619
8.121155240249971e-05 0.00025268979119854457
8.412041784043036e-05 0.0002526710556080315
8.698065572974992e-05 0.000252652032869817
8.97925016455339e-05 0.00025263268758820775
9.255668775923006e-05 0.0002526129098017367
9.527329601632894e-05 0.0002525926208810404
9.794295509339957e-05 0.00025257182141636553
0.00010056580698393848 0.0002525506029175707
0.00010314253040541464 0.00025252905773442275
0.00010567337545256357 0.0002525072643374156
0.00010815891987423634 0.0002524852775821866
0.00011059948093659157 0.00025246309085881144
0.00011299551260778098 0.0002524406534362908
0.00011534740858759195 0.00025241791674113223
0.00011765557484515482 0.0002523948501902337
0.00011992046046159826 0.00025237146189885026
0.00012214236866630427 0.00025234781666836487
0.00012432174252548946 0.0002523240067813966
0.0001264589504667357 0.00025230008929158845
0.0001285545021351868 0.0002522760500136903
0.00013060874838807828 0.00025225182625920536
0.00013262218471315804 0.00025222733100749295
0.0001345952907186585 0.0002522025113319906
0.00013652837611846305 0.0002521773961117399
0.00013842162035407077 0.0002521520854723812
0.00014027534960122867 0.00025212667414604636
0.00014209005064175543 0.0002521011668408443
0.00014386605032688888 0.00025207550294815625
0.00014560344984856032 0.0002520496131906691
0.00014730222909734052 0.00025202345581783886
0.0001489623324859627 0.00025199700478327827
0.00015058356357272061 0.0002519702126742643
0.00015216564669410168 0.0002519429895764466
0.00015370833149029465 0.00025191519896834366
0.00015521151178490234 0.00025188668809893525
0.0001566753953149811 0.00025185726984923787
0.00015810067702999 0.0002518266821974341
0.00015948854629137957 0.0002517945881855485
0.00016084055478754843 0.00025176063504482246
0.00016215852942139244 0.0002517245495421219
0.00016344436020626442 0.0002516861716415769
0.0001646997040306642 0.0002516454301882201
0.00016592568258132223 0.0002516022980851712
0.00016711353970015516 0.000251556777635175
0.00016825459866088237 0.00025150890881554464
0.000169348948658296 0.00025145875394912837
0.0001703967695497272 0.0002514063661447838
0.00017139861857642548 0.00025135174537210814
0.00017235553297992805 0.00025129482351410673
0.00017326890904042336 0.0002512354882706798
0.0001741403595873511 0.0002511736323916845
0.00017497139959985695 0.00025110919905582674
0.00017576329427344673 0.00025104218381484175
0.0001765169485417313 0.0002509726075959305
0.00017723312116907144 0.00025090047944300795
0.00017791249224895507 0.00025082578034884076
0.000178555873690168 0.0002507484704356404
0.00017916418499999936 0.00025066849983942235
0.00017973855729536085 0.0002505858211275108
0.00018028020902254117 0.0002505004011357122
0.00018079040479390118 0.00025041223120040104
0.0001812702733900367 0.0002503213185161071
0.0001817207780319114 0.0002502276657551372
0.00018214276544724852 0.0002501312539469544
0.00018253708996602425 0.0002500320362222967
0.00018290469050025177 0.0002499299560962953
0.00018324659019527593 0.00024982498187927846
0.00018356388471164843 0.00024971712975651456
0.00018385768957869886 0.00024960644609109406
0.0001841291344493408 0.0002494929622462762
0.0001843793182761021 0.00024937666388804777
0.00018460929519879135 0.00024925749834659935
0.0001848200764307878 0.00024913541035129563
0.00018501267850543272 0.00024901037134930637
0.0001851881656041585 0.00024888238381959304
0.00018534768835164656 0.00024875146360226266
0.00018549252681678675 0.00024861761777022345
0.00018562410831603424 0.00024848083475369556
0.00018574398935549303 0.00024834108988466483
0.00018585382185094438 0.00024819836199690276
0.00018595534065018454 0.00024805265158272735
0.0001860503596816209 0.00024790399683133
0.00018614074591905973 0.0002477524857846698
0.0001862283320172817 0.000247598264213493
0.00018631477523446755 0.000247441539894238
0.0001864013833355999 0.00024728258027007996
0.00018648893318436087 0.00024712170076984785
0.00018657752920033354 0.00024695924154823773
0.00018666653053549094 0.0002467955358807887
0.00018675456009380445 0.0002466308758223776
0.00018683961472786334 0.00024646548050067177
0.00018691927414179172 0.0002462994738109993
0.00018699095193699955 0.00024613287712638154
0.00018705306930939518 0.0002459656210101087
0.0001871043825896332 0.0002457975750477723
0.00018714298480967647 0.0002456285901112562
0.00018716715403294028 0.00024545854310384016
0.000187175239057723 0.0002452873722850919
0.00018716553502125437 0.00024511509241897586
0.0001871362031747476 0.0002449417818949605
0.00018708527206057128 0.00024476754498545597
0.00018701071600255947 0.0002445924660250537
0.00018691057881074823 0.00024441657735173317
0.0001867830748360032 0.000244239855112436
0.00018662662297831207 0.00024406224163307788
0.00018643976793608676 0.00024388367998499222
0.00018622103967134605 0.00024370414197335405
0.000185968810142241 0.0002435236374818371
0.0001856812533985374 0.00024334220461695588
0.000185356400154939 0.00024315988878739064
0.0001849922700053158 0.00024297672222472338
0.0001845869834281454 0.0002427927129498922
0.00018413882023450933 0.0002426078462199506
0.00018364619829301567 0.00024242209528329076
0.00018310760161774917 0.0002422354351941415
0.00018252148330697967 0.0002420478546763423
0.00018188617881267606 0.0002418593640196899
0.00018119988246856128 0.0002416699986687275
0.00018046069689467257 0.00024147981773864
0.0001796667469333886 0.00024128889722192098
0.00017881628404027913 0.00024109732022445374
0.00017790774296202091 0.00024090516828027472
0.00017693971043695084 0.00024071251704186822
0.00017591085119117423 0.00024051943697141198
0.00017481986915135136 0.00024032599631666762
0.00017366556278312984 0.0002401322605896511
0.0001724469674609293 0.00023993828244558632
0.00017116354860113086 0.00023974408080929335
0.00016981542127139705 0.00023954961637311784
0.0001684035637754927 0.00023935477665125784
0.00016693001721061507 0.0002391593821134165
0.0001653980759846179 0.00023896321568965193
0.0001638124752460156 0.00023876606746009096
0.00016217953516172844 0.0002385677812634865
0.00016050719856860657 0.00023836829191579284
0.00015880489827775656 0.00023816764648114386
0.00015708318175702707 0.00023796600610309637
0.00015535304248825158 0.00023776362608869325
0.0001536250012332173 0.00023756081479701582
0.00015190809665210746 0.00023735787820291718
0.00015020898998117718 0.00023715506343574555
0.00014853139821488636 0.0002369525168622287
0.00014687604001316883 0.00023675026870132246
0.00014525878962524965 0.00023654824815395187
0.0001436928680957386 0.0002363463236608014
0.00014217285710781057 0.0002361443556359276
0.0001406950766955475 0.00023594224633890354
0.00013925809144238577 0.00023573997341732808
0.00013786259017057448 0.0002355375987085663
0.0001365105187905316 0.00023533525058380342
0.00013520416910264537 0.0002351330854415655
0.00013394496695735473 0.0002349312406772948
0.00013273311410219477 0.00023472979520075543
0.0001315672889623217 0.00023452875187564629
0.0001304454602768028 0.0002343280485923374
0.00012936530080913717 0.0002341275938942955
0.00012832519530311064 0.00023392731350092497
0.00012732424287724179 0.00023372718933473494
0.0001263624829560251 0.00023352727495987158
0.00012544022347250145 0.00023332768069248347
0.00012455777043577377 0.00023312853496819733
0.00012371490744199554 0.000232929939680597
0.00012291091597207906 0.00023273194002711162
0.00012214470869903403 0.00023253452189474916
0.00012141517903621558 0.0002323376358712853
0.0001207214764311479 0.00023214123427120828
0.00012006305472205843 0.00023194530267313732
0.00011943963906122122 0.0002317498719654927
0.00011885099481119496 0.00023155500707567125
0.00011829681979663479 0.00023136077877298697
0.00011777661972965815 0.00023116723104413262
0.00011728980789254881 0.00023097435702789174
0.00011683576033897501 0.000230782091949263
0.00011641387913158436 0.00023059032395138582
0.000116023627455311 0.0002303989163647789
0.00011566455457099097 0.00023020773089459448
0.00011533626176638372 0.00023001664203734992
0.00011503832537493947 0.00022982553812045045
0.00011477028101374727 0.00022963431120946037
0.00011453164484865697 0.00022944284354591005
0.0001143219449392313 0.00022925099961692078
0.00011414071884437918 0.00022905862981208516
0.00011398750901765491 0.00022886558566399817
0.00011386183790788746 0.0002286717409687375
0.00011376317031883983 0.0002284770102308764
0.00011369088510921924 0.00022828135681660436
0.00011364425997931919 0.00022808478728103543
0.00011362247092059194 0.00022788733384435447
0.0001136246017442638 0.00022768903172828286
0.00011364965890617083 0.00022748990002906602
0.00011369658593589588 0.0002272899330340028
0.00011376428489874831 0.0002270891040459591
0.00011385164839401795 0.0002268873780958587
0.00011393996249061849 0.0002266847262112487
0.00011401260617675746 0.00022648113406885384
0.00011407120847482559 0.00022627660165765173
0.00011411735402278065 0.0002260711357485977
0.0001141525970767329 0.00022586474059316242
0.00011417848194772227 0.00022565741253851787
0.00011419656264775932 0.0002254491413686277
0.00011420840864734661 0.0002252399170817078
0.00011421560840209142 0.00022502973781243427
0.00011421973889374548 0.00022481861415731344
0.00011422236784938514 0.0002246065672466685
0.00011422502032303079 0.00022439362133524696
0.0001142292262594975 0.000224179794699398
0.00011423650005941238 0.0002239650937021498
0.000114248407126978 0.00022374951341059407
0.00011426651805313031 0.00022353304484459824
0.0001142924530140536 0.00022331568556850298
0.00011432781178701355 0.00022309744873450985
0.00011437417086177547 0.00022287836663653984
0.0001144330118276524 0.00022265848767379429
0.00011450570740151363 0.0002224378687561493
0.00011459350686778175 0.00022221656710112378
0.0001146975464146397 0.00022199463532372385
0.00011481888730785586 0.00022177212188799825
0.0001149584832937222 0.00022154907628297096
0.00011511715399641636 0.00022132555597720316
0.00011529547228543403 0.00022110163145538236
0.00011549370812763186 0.0002208773868501296
0.00011571170899242218 0.0002206529161884463
0.00011594888370666402 0.00022042831764790619
0.0001162042121013756 0.00022020368918987052
0.0001164762319716093 0.0002199791281218763
0.0001167629793849229 0.00021975473512350976
0.00011706200297709163 0.0002195306210277352
0.00011737051187884829 0.00021930691304145392
0.00011768553296224088 0.00021908375660789625
0.00011800408012416368 0.00021886130991757152
0.00011832334554657073 0.00021863972999146622
0.00011864094553322741 0.00021841915175902643
0.00011895510802033294 0.00021819966384524492
0.00011926478887647742 0.00021798128613828224
0.00011956971125276021 0.00021776395430200823
0.0001198702801245562 0.00021754751537023456
0.00012016738226951166 0.00021733173683025422
0.00012046212985082519 0.0002171163294672103
0.00012075559309368165 0.0002169009817728114
0.00012104851102485763 0.00021668540099563371
0.00012134108012655474 0.00021646935336449777
0.00012163288747736177 0.00021625269461150037
0.00012192298916564592 0.00021603538273259545
0.0001222009010209294 0.00021581746850193526
0.00012245687103405481 0.00021559906504517792
0.0001226905057752583 0.00021538030410464884
0.0001229018198217614 0.0002151612912416473
0.0001230912565041607 0.00021494207318690367
0.0001232596246048361 0.0002147226270406838
0.00012340789810448097 0.00021450287381702404
0.000123537071146391 0.00021428271027263204
0.00012364791235881898 0.00021406204632939269
0.00012374094939557196 0.0002138408336240169
0.0001238163387186531 0.00021361907488189058
0.00012387404976642048 0.00021339681230989407
0.00012391390302266152 0.00021317410218204755
0.00012393589953081107 0.00021295098804908347
0.0001239402118899918 0.00021272748418251983
0.0001239273170670785 0.0002125035747784082
0.00012389780567715125 0.00021227922653555692
0.00012385238736590238 0.00021205440654383304
0.00012379176878244883 0.00021182909642329661
0.000123716678814807 0.0002116032970103307
0.00012362783041970074 0.00021137702313747328
0.00012352594801882973 0.0002111502922894186
0.00012341184677119301 0.00021092311249124723
0.00012328654206589812 0.00021069547386274104
0.0001231514246160126 0.00021046734614062895
0.00012300832335493763 0.00021023868236991552
0.00012285953022437082 0.0002100094273754967
0.0001227077039371584 0.00020977952845572037
0.0001225558552554286 0.0002095489450332326
0.000122407293929541 0.00020931765425142787
0.0001222655854764303 0.00020908565118295946
0.0001221345097403966 0.0002088529450494335
0.00012201800742861897 0.0002086195551471333
0.00012192003019795065 0.00020838551033820416
0.00012184427497777487 0.00020815085351469365
0.00012179389367877784 0.00020791564883934285
0.00012177117990455903 0.000207679987352008
0.00012177725684965459 0.00020744398739476824
0.00012181179672125233 0.00020720778965117523
0.00012187287496797962 0.00020697154992632
0.00012195698438478393 0.00020673543366571748
0.00012205922207706036 0.0002064996141577305
0.00012217367889402373 0.0002062642731143656
0.00012229400828503475 0.00020602960024184921
0.00012241409060422776 0.00020579578867417972
0.0001225286957296709 0.00020556302513599634
0.00012263406103863364 0.00020533147603928742
0.0001227282481261526 0.00020510127248001692
0.00012281118506917002 0.00020487249814870462
0.00012288438962333576 0.0002046451844712506
0.00012295141455377837 0.000204419316316682
0.0001230160595947316 0.00020419484876742222
0.00012308086919092553 0.00020397173117308806
0.00012314749721905848 0.000203749930879734
0.00012321636152065946 0.0002035294480321817
0.00012328666112165735 0.00020331031586135265
0.0001233567706659401 0.000203092586853644
0.00012342485128415833 0.00020287631133620448
0.00012348948027241495 0.00020266151831296875
0.0001235500422666742 0.00020244820722758322
0.0001236068358394419 0.00020223635416163552
0.0001236608213764649 0.00020202592912052508
0.00012371318187337203 0.00020181691573294483
0.0001237648057392859 0.00020160932359948244
0.00012381599809966565 0.00020140318739263544
0.00012386644435437262 0.0002011985536811492
0.00012391547261344222 0.00020099546253835726
0.00012396238442023482 0.00020079393286998384
0.00012400675295805693 0.00020059395720949114
0.00012404854082185196 0.00020039550573825934
0.0001240880615289151 0.000200198534320465
0.00012412581319297657 0.00020000299017694512
0.00012416227323150863 0.00019980881156025226
0.0001241977454976557 0.00019961592213301252
0.0001242323030757405 0.00019942422389766096
0.00012426585893976413 0.00019923359300975593
0.00012429830434743322 0.00019904388112353122
0.00012432966247006726 0.00019885492264848717
0.00012436016502439048 0.00019866654672120315
0.0001243902620796338 0.00019847859197428402
0.0001244205706490348 0.0001982909216974374
0.0001244517947443451 0.00019810343633461236
0.0001244846649888676 0.0001979160799242853
0.00012451994898075524 0.00019772883802707947
0.00012455852942048823 0.00019754172723199584
0.00012460149180466945 0.0001973547794269434
0.00012465019196467982 0.00019716802576997747
0.00012470629662192983 0.0001969814844608314
0.00012477180395977557 0.0001967951535853281
0.0001248490348985022 0.0001966090076001674
0.00012494059780005046 0.00019642299535485228
0.0001250493325107468 0.00019623703907835355
0.00012517822455687937 0.00019605103581921482
0.00012533027715875528 0.00019586486346302376
0.00012550834084276317 0.0001956783920424622
0.00012571490468903424 0.0001954914986752425
0.00012595186442318905 0.00019530408274446437
0.00012622032894849891 0.00019511607768273043
0.00012652053681301307 0.00019492745659729568
0.00012685191785916656 0.0001947382302810198
0.00012720995226722174 0.0001945484376607992
0.000127589338098022 0.0001943581305976841
0.00012798800027581 0.00019416735699628873
0.00012840429845886153 0.00019397614745169864
0.00012883718169166996 0.00019378451002801528
0.0001292861641174583 0.00019359243494567954
0.00012975112254188733 0.00019339990702790452
0.00013023201294879317 0.00019320692059913644
0.00013072856502498008 0.00019301349067648438
0.00013124010731511046 0.00019281965611215104
0.0001317655113380344 0.00019262547399337415
0.00013230333490263276 0.00019243100849625216
0.00013285201570520806 0.00019223631982236145
0.00013341010227399538 0.00019204145865875377
0.00013397632557686484 0.00019184646873011968
0.00013454957659945417 0.00019165139578049967
0.000135128742214658 0.0001914562979463269
0.00013571256171638588 0.00019126125188436913
0.00013629951018083133 0.00019106635155255805
0.00013688779432168385 0.00019087170066964948
0.00013747542065178822 0.00019067740313346432
0.0001380603184105131 0.00019048355624012164
0.000138640460929076 0.00019029024939502467
0.00013921394241534553 0.00019009756771712696
0.00013977900895671065 0.00018990559752297617
0.00014033404179199412 0.0001897144302515294
0.000140877546728486 0.00018952416267753805
0.0001414081656626044 0.00018933489307462054
0.00014192474330661697 0.00018914671424280494
0.0001424264055239738 0.00018895970472414259
0.00014291261909551788 0.0001887739195387192
0.00014338320242430282 0.00018858938188490854
0.0001438382842309974 0.00018840607745312238
0.00014427822036215313 0.00018822395283114163
0.0001447034911207488 0.00018804291857494812
0.00014511460569247258 0.00018786285621040164
0.0001455120176558465 0.0001876836275434418
0.0001458960540531423 0.0001875050848260222
0.00014626685991603618 0.00018732708131221146
0.00014662436976027208 0.00018714948255472638
0.00014696830746337275 0.00018697217853072545
0.00014729821685374676 0.00018679509533277988
0.0001476135283534931 0.00018661820368104376
0.0001479136590449748 0.00018644152107920656
0.00014819813090653208 0.00018626510556184542
0.00014846668112351256 0.00018608904124137182
0.00014871933816805927 0.0001859134183047964
0.00014895644268866736 0.0001857383118893663
0.00014917861092879461 0.0001855637649207688
0.000149386654171601 0.00018538977931905135
0.00014957056283918354 0.00018521631795023752
0.00014972184899686178 0.000185043316661377
0.00014984318824461711 0.00018487070257840535
0.00014993702980699026 0.0001846984128236473
0.00015000566709043927 0.00018452640788230862
0.0001500513456972236 0.00018435467603052785
0.00015007635920096925 0.00018418322855690006
0.00015008309243954264 0.0001840120885704781
0.00015007399517473206 0.0001838412779246179
0.00015005148932502194 0.0001836708068192923
0.00015001787015172385 0.00018350066920291494
0.00014997521008165747 0.00018333084476292172
0.00014992535210113484 0.00018316130584930881
0.00014986991043894321 0.00018299202599621894
0.00014981033719057486 0.00018282298648069142
0.00014974789923152758 0.00018265417869692963
0.0001496836574191478 0.00018248560237254033
0.00014961832589825385 0.00018231726166563836
0.0001495521558414463 0.00018214916197280273
0.00014948479957862588 0.0001819813095988998
0.00014941526591183375 0.00018181371484908213
0.00014934194406085243 0.0001816463975116596
0.00014926270273475526 0.00018147939282402853
0.00014917504541857247 0.00018131275602579003
0.00014907625116150784 0.00018114656424985526
0.00014896355657339713 0.0001809809153671335
0.0001488343229435462 0.00018081592417879683
0.00014868628424548872 0.00018065171689761808
0.00014851778372977842 0.00018048842511765584
0.00014832807311803 0.00018032618040983786
0.0001481175934616155 0.0001801651103334745
0.00014788818593668352 0.00018000533614963288
0.00014764315743724356 0.00017984697208721714
0.00014738719979388845 0.0001796901258001339
0.00014712617273005107 0.00017953489964137384
0.00014686670269006838 0.00017938139238502307
0.00014661564191172346 0.00017922970087482643
0.0001463794436500051 0.00017907992080995125
0.00014616355819375298 0.0001789321457521635
0.0001459718867723301 0.00017878646371672843
0.00014580641096641588 0.00017864295144789932
0.00014566709081920232 0.00017850166744628332
0.0001455520658155995 0.00017836264560596934
0.00014545816526302405 0.0001782258916138632
0.00014538165372808085 0.00017809138390279325
0.00014531908335815283 0.00017795907996859262
0.0001452680760741381 0.0001778289274305088
0.00014522788989106868 0.0001777008776658144
0.00014519962422243504 0.00017757489868093848
0.00014518602709094307 0.00017745098363797576
0.00014518392076758984 0.0001773291524521728
0.00014519018171469937 0.00017720944593850596
0.0001452076406942153 0.0001770919143903385
0.0001452379523762898 0.00017697660426529635
0.0001452813243578464 0.0001768635471059779
0.00014533668322427949 0.00017675275378513725
0.00014540210341308424 0.0001766442151075534
0.00014547554506355158 0.00017653790751945633
0.0001455554114953071 0.00017643380099481576
0.00014564113967445482 0.00017633186562195438
0.00014573318750381024 0.00017623207415151318
0.0001458329707017359 0.00017613439949613202
0.00014594217290746968 0.00017603880823427107
0.00014606235416158862 0.00017594525274452003
0.00014619428500038572 0.00017585366504852679
0.00014633792858389743 0.00017576395461301603
0.00014649235386625828 0.00017567601071966088
0.0001466561991633975 0.0001755897083472839
0.00014682796814082964 0.00017550491556341669
0.00014700642352630748 0.00017542150045295538
0.0001471906520842576 0.0001753393363797262
0.00014737994540483422 0.00017525830533482098
0.00014757347746566842 0.00017517829982703625
0.00014776986401866728 0.00017509922402553224
0.00014796688482952302 0.00017502099474209568
0.00014816128636511503 0.00017494354250150931
0.00014834887965283576 0.00017486681250925354
0.00014852467862066233 0.00017479076492276507
0.00014868323391193568 0.00017471537361748654
0.00014881880565516286 0.000174640622809117
0.00014892543273516796 0.00017456650149418051
0.00014899694671384952 0.00017449299649988786
0.00014902702704859165 0.0001744200855764537
0.00014900925291604197 0.00017434773205880771
0.00014893717666483483 0.00017427588210735395
0.0001488046011335927 0.0001742044646986518
0.00014860600235430015 0.00017413339381184417
0.00014833699306290697 0.00017406257192718183
0.0001479946744154857 0.00017399189398693837
0.0001475778878519922 0.0001739212511781725
0.00014708727193959048 0.000173850534114426
0.00014652507793356802 0.00017377963522751533
0.0001458948029422029 0.00017370845050313638
0.00014520068518671244 0.0001736368810697081
0.0001444471049038215 0.0001735648353666415
0.00014363797894775647 0.00017349223244153902
0.00014277629835178173 0.00017341900630644946
0.0001418638389248973 0.00017334511047939136
0.00014090108049469123 0.00017327052127935963
0.00013988737150074184 0.0001731952384696582
0.00013881729516513965 0.00017311928254302653
0.00013768779191913034 0.00017304268906354753
0.00013650030469565172 0.00017296550161297747
0.00013525730429758557 0.0001728877655648546
0.00013396253674340306 0.00017280952478042344
0.0001326210141628272 0.00017273082228679362
0.0001312386189679549 0.00017265170434997007
0.00012982177161702176 0.00017257222577366296
0.00012837679079341665 0.00017249245352569248
0.00012690975775892782 0.00017241246643566466
0.0001254261855885194 0.0001723323505231772
0.00012393140903474466 0.0001722521916566501
0.00012243053643366372 0.00017217206858324494
0.00012092897817511833 0.0001720920491729526
0.00011943229443656506 0.00017201219106801474
0.0001179464299206173 0.00017193254569213
0.00011647723563239797 0.00017185316294697495
0.00011503029178992838 0.0001717740937356299
0.00011361034838462329 0.0001716953887507186
0.0001122211251728805 0.00017161709397399416
0.00011086518051438327 0.00017153924490592373
0.00010954406335712244 0.00017146186185272236
0.00010825855570875941 0.00017138494759339276
0.0001070088742206258 0.00017130848718951985
0.00010579492613266479 0.00017123244862300366
0.0001046164023853428 0.00017115678297199843
0.00010347295364257673 0.00017108142380116778
0.00010236423575781702 0.00017100628656725042
0.00010129009891820032 0.0001709312693684642
0.00010025067906015312 0.00017085625607238947
9.924649609157154e-05 0.0001707811220895833
9.827851940735283e-05 0.00017070574234448813
9.734821413509688e-05 0.0001706300005481394
9.645747898648748e-05 0.00017055379855196104
9.560844362447287e-05 0.00017047706420286746
9.480324961548202e-05 0.0001703997559106482
9.404383020061143e-05 0.0001703218625293719
9.333173191819783e-05 0.00017024339840062547
9.266796912975611e-05 0.0001701643950820092
9.205299547681204e-05 0.0001700848924510827
9.148674803428943e-05 0.00017000493172428938
9.096873272424173e-05 0.00016992455151374972
9.049813511227636e-05 0.00016984378625884214
9.00739088260429e-05 0.00016976266533287598
8.969482814104483e-05 0.00016968121132114253
8.935949458908979e-05 0.0001695994370075997
8.906631092386778e-05 0.00016951734169129082
8.881343182734009e-05 0.0001694349080375926
8.85987431303259e-05 0.00016935210071533646
8.841987402705357e-05 0.00016926886777646893
8.827476565173658e-05 0.000169185145166572
8.816302987120816e-05 0.0001691008638473046
8.808442594903869e-05 0.00016901595788461343
8.803852000007139e-05 0.00016893037105345302
8.802474230291511e-05 0.00016884405966994392
8.804238278099459e-05 0.00016875699072098696
8.809059075363913e-05 0.00016866913640649697
8.816825628717842e-05 0.00016858046791709547
8.827400145295211e-05 0.00016849095173619016
8.840603760435375e-05 0.0001684005506847261
8.856226249585391e-05 0.00016830922978309723
8.87402119903061e-05 0.00016821696475916373
8.893732750601373e-05 0.00016812374972830987
8.915098104175105e-05 0.00016802960089663116
8.937875239437704e-05 0.00016793455500558468
8.9618389392158e-05 0.00016783866374995432
8.98680121592969e-05 0.00016774198721004538
9.012610773184177e-05 0.0001676445894155526
9.039174450653292e-05 0.0001675465374835726
9.066468591572881e-05 0.0001674479034054835
9.094558654301506e-05 0.00016734876595388484
9.123609400031199e-05 0.00016724921026363762
9.153887184439654e-05 0.00016714932420458517
9.18575456675332e-05 0.00016704919262610501
9.219646283598512e-05 0.00016694889171679425
9.256042697723224e-05 0.00016684848554729403
9.295431630158855e-05 0.0001667480256993606
9.338279370639672e-05 0.00016664755356603222
9.384995461800215e-05 0.00016654710411982687
9.435911776143928e-05 0.00016644670985075868
9.491266759549524e-05 0.00016634640383311056
9.551191463742278e-05 0.0001662462211707988
9.615696149857373e-05 0.00016614619835963323
9.684670502499231e-05 0.00016604637062693495
9.757903534739008e-05 0.0001659467681661836
9.83511095844526e-05 0.00016584741302284184
9.915968863079849e-05 0.00016574831859046332
0.0001000014983395312 0.0001656494928829154
0.00010087359000535908 0.00016555094525440642
0.00010177356373920368 0.0001654526948972508
0.00010269964939277724 0.00016535477894317335
0.00010365066534855937 0.00016525725836589317
0.00010462585814216203 0.00016516022052194892
0.00010562468947013294 0.0001650637775068367
0.0001066466622878343 0.0001649680595832599
0.00010769123488162272 0.0001648732033398305
0.00010875779147276365 0.00016477933548971965
0.00010984569516467859 0.00016468655505757698
0.0001109544058051757 0.0001645949182118578
0.00011208360773872723 0.00016450443013252616
0.0001132349566228646 0.00016441504669451046
0.0001144104529748886 0.00016432668588868202
0.00011561072869689826 0.0001642392458307794
0.00011683651185319856 0.00016415262401377195
0.00011808845792576137 0.000164066731921559
0.00011936702214405106 0.0001639815005968874
0.00012067240403553295 0.00016389687594494176
0.00012200454595183289 0.0001638128064654562
0.00012336318657346995 0.00016372922914154736
0.00012474789074981755 0.00016364605993354764
0.00012615803819402338 0.0001635631932110672
0.00012759273488342876 0.00016348051042186854
0.0001290507535470466 0.00016339789427664841
0.0001305304805115479 0.0001633152426382435
0.00013202992071769068 0.00016323247701645685
0.00013354670021674644 0.00016314954348592772
0.00013507811754969094 0.00016306640733337527
0.0001366211886657229 0.00016298304506211572
0.00013817269913351022 0.00016289943759743158
0.0001397291809383017 0.0001628155668968699
0.00014128681522559717 0.00016273141585804868
0.0001428413217048174 0.00016264696976473272
0.00014438795470646636 0.0001625622172278969
0.0001459216738827637 0.00016247714944222016
0.0001474374607805287 0.0001623917577605813
0.00014893068748916813 0.00016230603033539834
0.00015039740157677666 0.0001622199487238754
0.00015183448768969518 0.00016213348519693999
0.00015323969984509214 0.0001620466013916265
0.00015461160558957352 0.00016195924884619683
0.00015594949107378023 0.00016187137158098913
0.00015725329895778728 0.00016178291011550647
0.00015852359294575582 0.0001616938055368708
0.00015976148863569716 0.00016160400212134746
0.00016096850610938104 0.0001615134478404022
0.0001621463262876753 0.00016142209339306546
0.00016329643913811357 0.00016132989119288163
0.00016441969973368038 0.00016123679532853083
0.00016551587400353863 0.00016114276220713028
0.0001665832805865863 0.00016104775049347042
0.00016761863686640054 0.00016095171910295025
0.0001686171642501147 0.0001608546234457102
0.0001695729773028462 0.00016075641182992234
0.0001704797347142297 0.00016065702466774162
0.00017133143949326038 0.0001605563983591643
0.00017212326874842005 0.0001604544739564097
0.0001728523273673035 0.00016035120890562846
0.00017351817760888563 0.00016024658898260505
0.0001741229982316948 0.0001601406371224967
0.00017467134991172646 0.00016003341611966343
0.0001751413730581209 0.0001599250232682363
0.00017551733570623075 0.00015981557707767796
0.00017581151606107107 0.0001597051989038721
0.0001760346689159281 0.0001595939946072121
0.00017619570325466013 0.0001594820418825832
0.0001763018736023249 0.00015936938703627404
0.00017635913496303793 0.00015925605133747592
0.00017637292729732586 0.00015914204326527084
0.00017634849076525057 0.0001590273707815712
0.00017629140851791602 0.00015891204818161905
0.00017620726829930067 0.00015879609488445717
0.0001761016600972693 0.00015867952742544197
0.00017597938044338994 0.00015856234905905695
0.0001758444278853708 0.00015844454225632382
0.00017569959038979936 0.00015832606755179085
0.00017554695013588024 0.0001582068686977467
0.00017538799566767626 0.00015808688090126338
0.0001752242300517963 0.0001579660378473076
0.0001750573041653827 0.00015784427467740655
0.00017488922809110645 0.0001577215269563774
0.00017472228980385443 0.0001575977280086939
0.00017455895731795286 0.00015747280751063353
0.000174401729111793 0.00015734669292086223
0.00017425296435671922 0.00015721931338516515
0.00017411484134547927 0.00015709060449300288
0.00017398928152414258 0.00015696051225024335
0.000173877967349834 0.00015682899545907403
0.0001737822752378665 0.00015669602648338277
0.000173703271845641 0.00015656159059294558
0.00017364164103641995 0.00015642568386516065
0.00017359764729189334 0.00015628830957157766
0.000173571154226112 0.00015614947345215027
0.0001735616933438208 0.00015600917901406608
0.00017356852644349844 0.0001558674242538409
0.00017359069296312928 0.00015572420054559347
0.00017362705804975986 0.00015557949318729253
0.00017367633815495946 0.00015543328220134212
0.00017373709358372763 0.00015528554219602572
0.00017380770020927657 0.00015513624124035078
0.0001738863059715957 0.00015498533982066104
0.0001739707865428163 0.00015483279107786005
0.00017405872297687563 0.00015467854262333353
0.00017414741252827926 0.00015452253915749017
0.00017423393775267148 0.00015436472480953242
0.00017431531268689623 0.00015420504475025312
0.00017438870966328193 0.00015404344650495755
0.00017445172711576338 0.00015387988166442115
0.00017450267200465317 0.00015371430819993703
0.0001745407877392911 0.0001535466928936774
0.0001745663717293333 0.00015337701316760904
0.00017457436328695975 0.00015320525795096615
0.00017456165280467276 0.00015303142773242032
0.00017453151060813744 0.00015285553414688333
0.00017448684130053096 0.0001526775993183349
0.00017442998011241593 0.00015249765507224095
0.00017436265591486136 0.0001523157422210035
0.000174286000143344 0.00015213191029263273
0.00017420074135818218 0.0001519462179673456
0.00017410725292961134 0.00015175873404045526
0.00017400575858759215 0.00015156953821039362
0.00017389617928418411 0.00015137872077728917
0.00017377815493517559 0.00015118638060022602
0.00017365069947943772 0.00015099262125044255
0.00017351224945680603 0.00015079754594225434
0.00017336047184968417 0.00015060125228687563
0.00017319255939461648 0.0001504038280624037
0.0001730053227321685 0.00015020534893197754
0.00017279563904250807 0.00015000587840780996
0.00017256067441463364 0.0001498054695671311
0.00017229819083666985 0.00014960416747015343
0.00017200663420047354 0.00014940201122436852
0.00017168517716004654 0.00014919903518873304
0.00017133369786376135 0.00014899526957339732
0.000170952707099006 0.00014879074118004723
0.00017054336123349475 0.0001485854749711142
0.00017010738153919267 0.00014837949661919772
0.00016964700309775126 0.00014817283553906005
0.0001691647638107925 0.00014796552752383355
0.000168663363407803 0.000147757616225333
0.00016814541011717215 0.0001475491532442197
0.00016761319216235438 0.00014734019723568886
0.0001670685449991781 0.00014713081282917082
0.0001665128597795826 0.0001469210701140443
0.00016594712211170855 0.00014671104500936505
0.0001653719246404561 0.00014650082029965192
0.00016478755437021906 0.00014629048678882137
0.00016419410690011972 0.0001460801440715566
0.0001635915883725556 0.0001458699007657882
0.0001629799519414224 0.00014565987444086978
0.00016235914410957174 0.00014545019161310568
0.00016172912936927614 0.0001452409879240564
0.0001610898750613553 0.0001450324080257831
0.00016044133837283186 0.0001448246040601231
0.00015978346076016246 0.000144617731314238
0.0001591161526409557 0.0001444119399530569
0.00015843928341297627 0.00014420736276615428
0.00015775273780764516 0.00014400410041795486
0.00015705649556024882 0.00014380220728097207
0.0001563506980959845 0.00014360168194052156
0.00015563569713206838 0.00014340246628852943
0.00015492718391174663 0.00014320445542310295
0.0001542430617537263 0.00014300751753875546
0.0001535864525531156 0.00014281151947699577
0.00015296043574458747 0.00014261635097484807
0.0001523679614675948 0.0001424219402881323
0.0001518118049825526 0.0001422282564082257
0.00015129451485445744 0.0001420352979134079
0.000150818462736294 0.00014184307369557309
0.00015038578946098823 0.00014165158400606184
0.00014999844824203825 0.00014146080977339714
0.00014965811581899233 0.00014127071399172922
0.00014936622162627666 0.00014108125305516833
0.00014912383432034396 0.00014089239116437877
0.00014893168197562326 0.00014070410978285833
0.0001487901007979738 0.00014051640711252797
0.0001486991001919515 0.00014032928801057526
0.00014865836745269536 0.0001401427496480652
0.00014866731580540107 0.00013995676993294043
0.00014872511727300448 0.00013977130361078616
0.00014883077213258817 0.00013958628654786587
0.00014898319227029188 0.00013940164470691713
0.00014918128119319446 0.00013921730286476502
0.00014942399904143948 0.00013903318954540042
0.00014971042239186064 0.00013884923753568895
0.00015003977026081022 0.00013866538172917914
0.0001504114225585405 0.00013848155670675988
0.0001508248699669175 0.00013829769563800456
0.00015127965547608602 0.0001381137309059942
0.00015177523840967226 0.00013792959625087697
0.0001523108744110607 0.000137745230206765
0.00015288549802394498 0.0001375605804913721
0.00015349763273727438 0.00013737560833521067
0.00015414530513531327 0.00013719029091740706
0.000154825989378195 0.00013700462011950743
0.00015553662072886166 0.00013681859724693282
0.00015627363263782568 0.00013663222552693505
0.00015703302679557411 0.00013644550347402876
0.0001578104569084278 0.00013625842147305459
0.00015860135046629023 0.0001360709615885261
0.00015940099061878646 0.0001358830984517674
0.00016020457918845723 0.00013569479884870117
0.0001610072830973941 0.00013550601947775326
0.00016180426061056873 0.00013531670475058766
0.0001625907294331782 0.00013512678755105145
0.00016336210252750812 0.00013493619482150485
0.0001641142234789024 0.00013474485759213534
0.00016484369569296368 0.00013455272309076394
0.00016554826220364235 0.00013435976570860472
0.00016622706922087422 0.0001341659937012865
0.00016688072638154297 0.00013397144914232065
0.0001674838941334909 0.00013377619981747718
0.00016801563539711338 0.0001335803238148095
0.00016848217347601466 0.00013338389031625209
0.00016888863200696416 0.0001331869423701372
0.00016923864685978735 0.00013298948763437388
0.00016953442588446465 0.0001327915005009464
0.00016977702286031265 0.00013259293453659823
0.0001699670801686673 0.00013239373992284323
0.0001701052873721323 0.0001321938786250816
0.00017019310068652245 0.00013199333133168123
0.00017023265944530246 0.00013179209416011584
0.00017022692479851177 0.00013159016794136655
0.0001701789711298743 0.00013138754632477379
0.00017009194945302467 0.0001311842092969681
0.00016996859061783111 0.0001309801256961715
0.0001698116174974607 0.00013077526344156334
0.0001696237093716369 0.00013056960212824015
0.00016940796569421627 0.00013036314164940194
0.00016916779783429284 0.00013015590305041555
0.00016890689877111108 0.00012994792217563625
0.00016862889385650887 0.00012973924015828933
0.00016833707253374047 0.00012952989550259544
0.00016803419119259605 0.00012931992049081478
0.00016772236303148907 0.00012910934162163948
0.00016740324002452052 0.0001288981817480668
0.00016707817186922068 0.00012868646148862795
0.00016674850113928047 0.0001284741988200576
0.00016641562000560678 0.0001282614072116335
0.00016608108165045828 0.0001280480932580666
0.00016574646767165168 0.0001278342544910223
0.0001654132410109781 0.0001276198776382284
0.00016508269220076553 0.0001274049376631982
0.00016475603715043928 0.00012718939831381226
0.00016443449152508236 0.000126973214898473
0.0001641192321506303 0.00012675633906310615
0.0001638113875882897 0.00012653872389224718
0.0001635120169225122 0.00012632032683899258
0.0001632220685598415 0.00012610110870679356
0.00016294229565161602 0.00012588102889301428
0.00016267326104896793 0.00012566003904938491
0.00016241539238042788 0.00012543807793349154
0.00016216904254342558 0.0001252150693353514
0.0001619345587046282 0.00012499092354149866
0.0001617123120246866 0.0001247655419984138
0.00016150264108326292 0.00012453882488908455
0.00016130571909940365 0.00012431068149394361
0.00016112143419328657 0.00012408104259229238
0.00016094930252662337 0.0001238498727841493
0.00016078845974031806 0.00012361717942171654
0.0001606377646491558 0.00012338301488519846
0.0001604959541363207 0.0001231474705124247
0.00016036200104238598 0.00012291066294715589
0.00016023538292997216 0.00012267271601852647
0.00016011624894794407 0.00012243374274162333
0.00016000544135629966 0.00012219383221240276
0.00015990434508839137 0.00012195304489353437
0.00015981460847556305 0.00012171141713821637
0.00015973782250986777 0.0001214689724703781
0.00015967520841403583 0.00012122573449404803
0.00015962742074478382 0.00012098173575158036
0.00015959448762234703 0.00012073701893798236
0.00015957590217314103 0.00012049163068503232
0.0001595707465656216 0.00012024561169153222
0.00015957782916375883 0.00011999898847846885
0.0001595957643702846 0.00011975177085772615
0.00015962303216121451 0.00011950395615479073
0.0001596579910784943 0.00011925553802370412
0.0001596989006865472 0.00011900651589907482
0.0001597439592476206 0.00011875690142660114
0.00015979139899987302 0.00011850672015409694
0.0001598396155324967 0.0001182560091398388
0.00015988728788742575 0.00011800481272315755
0.00015993343767389085 0.0001177531788542005
0.00015997741229171222 0.00011750115739918646
0.00016001881443196083 0.00011724880052806433
0.00016005741219674214 0.00011699616441466013
0.00016009306839030377 0.00011674331123585902
0.0001601256947352681 0.00011649031056492135
0.000160155230326527 0.00011623723941832365
0.00016018163210858026 0.00011598418043594003
0.0001602048672147042 0.00011573121820835502
0.00016022489862838247 0.00011547843461887086
0.00016024167097682492 0.00011522590480827696
0.00016025510341838723 0.00011497369532938173
0.0001602650868090422 0.00011472186500063528
0.00016027147903742753 0.00011447046749063841
0.00016027409539688225 0.00011421955382608442
0.00016027269154809536 0.0001139691735387166
0.00016026693517770296 0.00011371937467528556
0.00016025636616336434 0.0001134702041790496
0.00016024035558261622 0.0001132217100652394
0.00016021807851117093 0.00011297394531805185
0.00016018851327902054 0.00011272697161040027
0.00016015047614436308 0.00011248086016526701
0.00016010269160692393 0.00011223568789674176
0.00016004389586985767 0.00011199152884311739
0.00015997296784696504 0.00011174844277001689
0.0001598890653608121 0.00011150646393992547
0.00015979172979639853 0.00011126559332581831
0.00015968093598151028 0.00011102579711457644
0.0001595615712035031 0.00011078701314290798
0.00015943951423872958 0.00011054916475083942
0.00015931619341786514 0.00011031217876697128
0.00015919277011247054 0.000110076002040254
0.00015907009253834963 0.00010984061057233568
0.00015894873042951495 0.0001096060075999987
0.00015882905114927178 0.00010937221127486213
0.00015871133736095131 0.00010913923695089409
0.00015859586291552217 0.00010890708142880998
0.0001584829606599526 0.00010867571556243821
0.00015837299360741953 0.00010844508776981787
0.00015826632300507316 0.00010821513597072951
0.00015816320841178534 0.0001079858016987921
0.00015806378208577248 0.00010775703953382759
0.00015796802568242746 0.00010752881787812543
0.00015787584376374843 0.00010730111191969982
0.00015778711638195808 0.00010707389366765296
0.00015770177841723564 0.00010684712498749277
0.00015761984134071472 0.0001066207572126103
0.00015754140300097949 0.00010639473685062142
0.0001574666271034906 0.00010616901370662582
0.00015739572287674778 0.00010594354715402765
0.00015732892423301706 0.00010571830819222292
0.00015726646859504008 0.00010549327770485034
0.00015720858669814752 0.00010526844313677244
0.00015715548989083726 0.0001050437958149339
0.00015710736569979255 0.0001048193298787449
0.00015706436361682803 0.00010459504250273643
0.00015702658382754013 0.0001043709346453918
0.00015699405854485175 0.00010414701187354963
0.00015696674099323148 0.00010392328515079416
0.00015694450791396765 0.00010369977128175598
0.00015692717405768519 0.00010347649218264351
0.00015691450759587798 0.00010325347213218511
0.00015690624146346243 0.0001030307331361599
0.00015690208284713984 0.00010280829007565384
0.00015690171750609955 0.00010258614814809275
0.00015690480757481412 0.00010236430432672763
0.00015691098551464592 0.00010214275247950183
0.00015691984987957461 0.00010192148981975208
0.000156930961831852 0.00010170052192432985
0.0001569438394140624 0.00010147986479395674
0.00015695795011692448 0.00010125954419785282
0.00015697270676172018 0.00010103959345488661
0.00015698747202659926 0.00010082005044897285
0.0001570015744068452 0.00010060095388022411
0.00015701433470675808 0.000100382338573176
0.00015702510002749625 0.00010016423035122748
0.00015703327775743597 9.994664184157995e-05
0.00015703836009774093 9.972957068948157e-05
0.00015704055898092343 9.951300089637918e-05
0.0001570412539624236 9.929690691830306e-05
0.00015704148927048092 9.908125947907451e-05
0.00015704220924165287 9.886603188591012e-05
0.0001570442629114346 9.865120567908309e-05
0.00015704842560709242 9.843677446836133e-05
0.00015705542267093918 9.822274497520156e-05
0.0001570659446636144 9.800913492624339e-05
0.00015708064529425773 9.779596849454272e-05
0.00015710012455269126 9.758327095174893e-05
0.00015712490740651686 9.737106449901611e-05
0.0001571554286567015 9.71593666806575e-05
0.00015719203962802727 9.694819165311994e-05
0.00015723502611926442 9.67375534091236e-05
0.00015728463873516575 9.652746927998196e-05
0.00015734110792851004 9.631796193105419e-05
0.0001574046537828169 9.610905866441408e-05
0.00015747547157337756 9.590078801077415e-05
0.00015755371720126176 9.569317484886194e-05
0.0001576394912058132 9.548623603609918e-05
0.0001577328422682235 9.527997831706297e-05
0.0001578337821075123 9.50743991688964e-05
0.0001579423033176032 9.48694898279083e-05
0.00015805839022831902 9.466523876625749e-05
0.0001581820096056327 9.446163382493405e-05
0.0001583130963429684 9.425866200605051e-05
0.00015845153499311658 9.405630711876653e-05
0.00015859716181111907 9.385454645046212e-05
0.00015874977518083946 9.365334797474187e-05
0.0001589091674873324 9.345266924490336e-05
0.00015907515798469865 9.325245829622936e-05
0.00015924760879712112 9.30526560750343e-05
0.00015942641581127276 9.285319948778431e-05
0.00015961149208414986 9.265402426365463e-05
0.00015980275949814053 9.245506725624048e-05
0.00016000014364033795 9.225626825853928e-05
0.00016020357955837865 9.205757158041797e-05
0.0001604130295296657 9.185892751922137e-05
0.0001606285091060643 9.166029357241326e-05
0.0001608500988965238 9.146163506387056e-05
0.00016107793643552548 9.126292490874155e-05
0.00016131218927792725 9.106414253954101e-05
0.00016155300687612382 9.086527237154446e-05
0.0001618004566018517 9.066630242909879e-05
0.00016205445762762066 9.04672237437669e-05
0.00016231472331032065 9.026803087527555e-05
0.00016258071239818594 9.00687234945477e-05
0.000162851604164651 8.986930851179534e-05
0.00016312631152031425 8.966980186256301e-05
0.00016340353825506835 8.947022890134354e-05
0.00016367094537684016 8.927062254748472e-05
0.00016391721814530206 8.907101896715383e-05
0.00016414251384511098 8.887145157171136e-05
0.00016434742241892044 8.867194509147233e-05
0.00016453295369797772 8.847251191603303e-05
0.00016470046589696976 8.82731523801604e-05
0.00016485152987863808 8.807385924312905e-05
0.0001649878020628411 8.78746248416766e-05
0.00016511087427114812 8.767544816339762e-05
0.00016522220257761275 8.747633909747879e-05
0.0001653230306328199 8.727731846188899e-05
0.00016541440567673974 8.707841445449241e-05
0.00016549716685101336 8.687965785783916e-05
0.00016557199650370894 8.668107872022643e-05
0.00016563941220076007 8.648270617334086e-05
0.00016569979686891542 8.62845711497029e-05
0.0001657533917102131 8.608671016325023e-05
0.0001658003320776767 8.588916790546255e-05
0.000165840673785575 8.569199727769677e-05
0.00016587443850620646 8.549525699068708e-05
0.00016590164738558653 8.529900802353718e-05
0.00016592234873105986 8.510331046727646e-05
0.00016593663311397947 8.4908221637231e-05
0.00016594463713282692 8.471379543217861e-05
0.00016594653957658766 8.452008233767253e-05
0.00016594255468902643 8.4327129476338e-05
0.00016593292962358924 8.413498045454354e-05
0.0001659179558145866 8.394367507024922e-05
0.00016589798754634155 8.375324898216713e-05
0.00016587347098349147 8.356373332302561e-05
0.00016584497273694775 8.337515424278186e-05
0.00016581319704971143 8.31875326263963e-05
0.00016577898221404217 8.300088456865071e-05
0.00016574328498236793 8.281522317729259e-05
0.00016570716194481787 8.26305617334655e-05
0.00016567173588075205 8.244691740295212e-05
0.0001656381517873176 8.226431414969787e-05
0.00016560752962772128 8.208278374485095e-05
0.00016558092632564788 8.190236466254497e-05
0.0001655592966314206 8.172309961130067e-05
0.0001655434617149721 8.154503280113218e-05
0.0001655340965069489 8.136820764209976e-05
0.00016553173429673253 8.119266489534788e-05
0.00016553678675814925 8.101844092410493e-05
0.00016554957429130987 8.084556586587105e-05
0.00016557035729267055 8.067406195296292e-05
0.00016559934950359913 8.050394238805908e-05
0.00016563671728347007 8.033521099953811e-05
0.00016568256958221595 8.01678625942416e-05
0.00016573694935584013 8.000188382945375e-05
0.0001657997121262632 7.983725454557139e-05
0.0001658706718014339 7.967394957432081e-05
0.00016594980772698494 7.95119408209706e-05
0.00016603721686388182 7.9351199037795e-05
0.00016613317648120642 7.919169454576741e-05
0.00016623817347927319 7.903339652545402e-05
0.00016635287474478554 7.887627126515473e-05
0.00016647803973562184 7.872028047913038e-05
0.00016661439799663957 7.856538098966956e-05
0.0001667625330070518 7.841152652410602e-05
0.0001669227913021875 7.825867134882494e-05
0.00016709524183330455 7.810677443805675e-05
0.00016727967531480648 7.79558024241421e-05
0.00016747562686164014 7.780572999496055e-05
0.00016768237191018236 7.765653756984514e-05
0.00016789889389952185 7.750820745059533e-05
0.00016812382950592717 7.736072042977687e-05
0.000168355446388559 7.721405456349514e-05
0.0001685916808970343 7.706818658189882e-05
0.00016883024507643597 7.692309494517283e-05
0.00016906876454547736 7.677876271213954e-05
0.0001693049117137374 7.663517864192962e-05
0.00016953649794172607 7.649233608033115e-05
0.00016976150044677716 7.635023044242142e-05
0.00016997802976985205 7.62088567719428e-05
0.00017018425504992832 7.606820861558866e-05
0.00017037832308570752 7.592827860205403e-05
0.0001705583022055459 7.578906023539625e-05
0.00017072217160100256 7.565055000361559e-05
0.00017086782526118657 7.551274905806885e-05
0.0001709930640143742 7.537566412458077e-05
0.00017109557276498425 7.523930760735403e-05
0.00017117288619153122 7.510369687294821e-05
0.0001712223511571487 7.496885263293118e-05
0.00017124111979338914 7.483479641680335e-05
0.0001712262147634751 7.470154740506912e-05
0.00017117466211822677 7.456911914907258e-05
0.00017108365582497713 7.443751667628867e-05
0.00017095071424796227 7.43067341493868e-05
0.0001707737994172507 7.417675292937728e-05
0.00017055137838028006 7.404753991355553e-05
0.00017028241645161962 7.391904647075648e-05
0.0001699663243751394 7.379120882269191e-05
0.00016960289371668885 7.366395086301492e-05
0.00016919223368739664 7.353718992927916e-05
0.00016873473067335014 7.341084513287979e-05
0.00016823105595633613 7.328484687207232e-05
0.00016768219851183788 7.31591455328702e-05
0.00016708947758122442 7.303371724435084e-05
0.00016645453257796064 7.290856501478149e-05
0.00016578001315521284 7.278371457761917e-05
0.00016507233922507096 7.265920570666967e-05
0.00016433742821192205 7.253508122949046e-05
0.00016358091071395697 7.241137687192048e-05
0.00016280803472913357 7.228811489300505e-05
0.00016202364847434444 7.216530312268571e-05
0.00016123211018259244 7.204293897429895e-05
0.00016043742580645906 7.192101615455596e-05
0.0001596431545430283 7.179953090365523e-05
0.0001588526421654029 7.167848506824115e-05
0.00015806888552575185 7.155788487614445e-05
0.000157294789642736 7.143773627732442e-05
0.0001565329614310146 7.131803923086238e-05
0.00015578596234592552 7.119878368303315e-05
0.0001550561301056527 7.107994901147871e-05
0.00015434582765062193 7.096150690322905e-05
0.00015365729213034362 7.084342593681459e-05
0.0001529927627851387 7.072567543767172e-05
0.00015235432878408288 7.060822681664511e-05
0.00015174393125174507 7.049105212753731e-05
0.0001511632891791394 7.037412106231794e-05
0.0001506139100444546 7.025739820777643e-05
0.0001500971131845314 7.014084192690992e-05
0.00014961403982798356 7.002440513939959e-05
0.00014916572304567762 6.990803734957182e-05
0.00014875310093306773 6.979168697898372e-05
0.00014837707262729818 6.967530338040234e-05
0.00014803848757228552 6.955883840735477e-05
0.00014773818086055707 6.944224766472495e-05
0.000147476960260613 6.932549150160186e-05
0.00014725560980227592 6.920853566710905e-05
0.00014707491142475486 6.909135157914109e-05
0.00014693567472790967 6.89739163465368e-05
0.00014683873260482527 6.885621276349688e-05
0.0001467849015490797 6.873822928879503e-05
0.00014677493422169386 6.861995966511714e-05
0.0001468094604865038 6.850140169352079e-05
0.00014688891521293495 6.838255505463992e-05
0.00014701345769708413 6.826341874330288e-05
0.000147182888506973 6.814398918011944e-05
0.00014739657434670694 6.802425987973912e-05
0.00014765340233687362 6.790422277767189e-05
0.00014795178118397697 6.778387042920969e-05
0.0001482897117609068 6.766319790949687e-05
0.00014866493964772937 6.754220352314655e-05
0.00014907518474049905 6.742088810558419e-05
0.00014951840950366604 6.729925329750433e-05
0.00014999308874680375 6.717729946436116e-05
0.00015049841860766022 6.705502396225221e-05
0.00015103441621559512 6.693242036279884e-05
0.00015157768183228105 6.680947905432152e-05
0.00015210625674044298 6.668618925831371e-05
0.00015262238286737164 6.6562541992405e-05
0.00015312792126012057 6.643853309729053e-05
0.00015362420909252828 6.631416541761151e-05
0.00015411205721248218 6.618944962538328e-05
0.0001545918133133385 6.606440375669237e-05
0.00015506354911582975 6.593905195933711e-05
0.00015552717962205665 6.58134230429909e-05
0.00015598265853598658 6.568754925857442e-05
0.00015642996582334947 6.556146550187533e-05
0.00015686915597490697 6.543520892080337e-05
0.0001573001875204742 6.530881876430292e-05
0.00015772293019537998 6.518233621012268e-05
0.0001581370312630479 6.50558039328418e-05
0.0001585420142302225 6.492926531114981e-05
0.00015893726211734844 6.48027633860758e-05
0.00015932216773751075 6.467633981378784e-05
0.00015969616134412797 6.455003403706486e-05
0.00016005877406801328 6.4423882765334e-05
0.00016040959473745173 6.429791975603658e-05
0.00016074821863638862 6.41721758646574e-05
0.00016107419164110884 6.40466793748809e-05
0.00016138696589226953 6.39214566243683e-05
0.00016168593860854162 6.379653286111772e-05
0.00016197048917009817 6.36719331444692e-05
0.0001622400680770266 6.354768306039704e-05
0.00016249423646567086 6.342380906361467e-05
0.00016273274490499577 6.330033840397029e-05
0.00016295554292340697 6.317729871114716e-05
0.00016316276370815464 6.305471739349172e-05
0.00016335470675025936 6.293262099991981e-05
0.00016353183919186058 6.281103469301524e-05
0.00016369477379422342 6.268998198287468e-05
0.0001638442103452549 6.256948488434291e-05
0.0001639808969960899 6.244956464547188e-05
0.00016410559994963316 6.233024313315877e-05
0.0001642190739927474 6.221154486022243e-05
0.00016432201986903876 6.209349953935697e-05
0.000164415066851767 6.19761449316171e-05
0.00016449876676661711 6.185952958239621e-05
0.00016457358794677216 6.174371478314539e-05
0.00016463992137450884 6.162877482717224e-05
0.0001646980937979843 6.151479454208006e-05
0.0001647483728346588 6.140186340027748e-05
0.0001647909662322402 6.12900663223559e-05
0.00016482603950866354 6.11794724550141e-05
0.00016485373474897053 6.107012432630607e-05
0.00016487418076873214 6.0962030383783505e-05
0.00016488750336362556 6.08551635890818e-05
0.00016489096349557995 6.074946738680864e-05
0.00016488410870395612 6.064486824598758e-05
0.0001648699608140754 6.054129173262146e-05
0.0001648515503371539 6.043867758172283e-05
0.00016483186763923451 6.033698920867095e-05
0.00016481380088779479 6.023621482283831e-05
0.0001648000584337573 6.013636027858357e-05
0.00016479311622699563 6.0037436928915555e-05
0.00016479515290621232 5.993944962295536e-05
0.00016480801599296545 5.9842389719726163e-05
0.00016483320335189438 5.9746235572779444e-05
0.0001648718610507712 5.965095945286228e-05
0.0001649248216443398 5.955653700573035e-05
0.00016499261736650846 5.946295445627761e-05
0.00016507555278959875 5.937021029831652e-05
0.00016517369600278482 5.9278311235928804e-05
0.00016528693883075479 5.9187265041130144e-05
0.00016541497170288947 5.909707422106433e-05
0.00016555734846192656 5.900773347347274e-05
0.00016571349388723488 5.891923154795892e-05
0.0001658827247776818 5.883155583750327e-05
0.0001660642048624868 5.874469699301485e-05
0.00016625688334923758 5.865865147117871e-05
0.00016645947475069033 5.857342144090921e-05
0.0001666704297746904 5.848901285795266e-05
0.00016688800309176598 5.8405432981249034e-05
0.00016711028095583481 5.832268825583034e-05
0.00016733529832547005 5.824078285815784e-05
0.0001675610694124433 5.815971788453167e-05
0.00016778568344130934 5.8079491171043884e-05
0.0001680073863543651 5.8000097726700756e-05
0.00016822465358322437 5.792153048941179e-05
0.0001684361933495693 5.784378070613355e-05
0.0001686409174936779 5.776683726217702e-05
0.00016883792310093846 5.769068494590121e-05
0.0001690263948986266 5.7615302611040836e-05
0.00016920544621901653 5.754066264468394e-05
0.00016937388984134536 5.7466732513951346e-05
0.00016953001041870934 5.7393477773479834e-05
0.00016967128535782554 5.7320864786776504e-05
0.00016979416248779708 5.7248861498767484e-05
0.00016989397313961217 5.717743591323807e-05
0.00016996501631048392 5.710655353894159e-05
0.00017000088595073724 5.703617585124318e-05
0.00016999501867519465 5.696626131286922e-05
0.00016994140598593577 5.689676921215997e-05
0.0001698353503507522 5.6827665336895566e-05
0.00016967413050797116 5.675892782448788e-05
0.0001694573387923132 5.669055139552112e-05
0.0001691868014684089 5.662254835923919e-05
0.000168851233915366 5.655494535856259e-05
0.00016844353018490873 5.648777597050403e-05
0.00016797075290732755 5.642107085890649e-05
0.0001674384482476008 5.635484854792441e-05
0.00016685021571713498 5.6289110080921106e-05
0.0001662079179957278 5.6223839511104073e-05
0.00016551217097982476 5.615900978103716e-05
0.00016476340925342489 5.60945912802778e-05
0.00016396248439582743 5.603055932850917e-05
0.00016311152541592693 5.596689749519032e-05
0.00016221363961216111 5.5903595698167385e-05
0.0001612728744337722 5.584064449091e-05
0.00016029301976282372 5.577802868791254e-05
0.00015927735283776984 5.571572367072536e-05
0.00015822780758786303 5.565369622192659e-05
0.00015714548735356956 5.55919092934537e-05
0.00015603068810856837 5.553032812226702e-05
0.0001548837526608552 5.5468924642254613e-05
0.00015370524168441688 5.540767843257438e-05
0.0001524962545112682 5.534657459160472e-05
0.00015125826087819443 5.5285600529003665e-05
0.0001499929410783324 5.5224743843812485e-05
0.0001487020059647703 5.516399230532515e-05
0.00014738703942938092 5.510333541686868e-05
0.0001460496944673882 5.504276613250633e-05
0.00014469183670816409 5.4982281468177185e-05
0.0001433159013224507 5.4921881601516925e-05
0.00014192494203947727 5.486156789521676e-05
0.00014052278639502226 5.4801340577437935e-05
0.0001391138302200766 5.474119659886964e-05
0.00013770276212287047 5.468112788706986e-05
0.00013629435272384822 5.462112018140772e-05
0.00013489340981264657 5.4561152795954554e-05
0.00013350468032523 5.45011996379019e-05
0.00013213260275667205 5.444123132521822e-05
0.0001307811472128041 5.438121751174391e-05
0.00012945369319643214 5.432112812574219e-05
0.0001281529315677734 5.426093259156689e-05
0.00012688074156137478 5.420059712699446e-05
0.00012563823137977712 5.4140081194239964e-05
0.00012442587638163263 5.40793345115316e-05
0.000123243687822062 5.401829564324889e-05
0.00012209142213347654 5.3956892564804154e-05
0.00012096876041545276 5.3895045302801425e-05
0.00011987538020157312 5.383267079865639e-05
0.00011881091109648165 5.376969009496593e-05
0.00011777487675486835 5.370603734065893e-05
0.00011676661477448977 5.364166904286288e-05
0.00011578522219008318 5.357657113923622e-05
0.0001148295794641061 5.351076147273523e-05
0.0001138977586257773 5.344428633550363e-05
0.00011298793076264528 5.337721150774563e-05
0.00011209935645473094 5.3309609944665604e-05
0.00011123185778666529 5.324154938717365e-05
0.00011038592208792921 5.317308331288101e-05
0.0001095626314051551 5.3104247673650684e-05
0.00010876346183382935 5.303506395980956e-05
0.00010798999650611643 5.296554682088228e-05
0.00010724365103594583 5.289571271486007e-05
0.0001065254705764165 5.282558573742324e-05
0.0001058361339481558 5.275519820735139e-05
0.00010517608666988092 5.2684586119254584e-05
0.00010454575609455368 5.261378195634686e-05
0.0001039456864703524 5.2542808410258046e-05
0.00010337662213255985 5.247167581715062e-05
0.00010283944853170266 5.240038413556122e-05
0.00010233506796043122 5.232892813518408e-05
0.0001018641839250223 5.225730321562275e-05
0.00010142712016693358 5.2185509410947184e-05
0.00010102372928859071 5.211355238067192e-05
0.00010065345907604286 5.204144176752801e-05
0.00010031549587512044 5.196918836557554e-05
0.0001000088838800033 5.189680167274127e-05
9.97325580849262e-05 5.1824288781036204e-05
9.948528099715701e-05 5.17516547220466e-05
9.926556904053833e-05 5.167890381491125e-05
9.907167381140954e-05 5.160604141696626e-05
9.890165825820407e-05 5.153307553617398e-05
9.875352404505191e-05 5.146001786781457e-05
9.862538304724559e-05 5.138688391707197e-05
9.851560922738888e-05 5.131369216233514e-05
9.84229041526347e-05 5.1240462690501504e-05
9.834628120888688e-05 5.1167216138563176e-05
9.828503424120072e-05 5.1093973721768465e-05
9.823872170404073e-05 5.102075847127768e-05
9.820715189604997e-05 5.094759693871284e-05
9.819038820943132e-05 5.0874520203011975e-05
9.818878906124922e-05 5.080156348617401e-05
9.820306276298239e-05 5.0728764740701204e-05
9.823428983135254e-05 5.0656163437353546e-05
9.828388650589385e-05 5.0583800711375554e-05
9.835351183763175e-05 5.051172097987611e-05
9.844491130290064e-05 5.043997386077609e-05
9.855969977353197e-05 5.0368614597080114e-05
9.869912692118278e-05 5.029770159942909e-05
9.886385584091655e-05 5.0227290898683524e-05
9.905376650007163e-05 5.015742853228464e-05
9.926783570427816e-05 5.008814274657866e-05
9.95041516973775e-05 5.00194382518325e-05
9.976006325105735e-05 4.9951294617493064e-05
0.0001000415681911539 4.988367015288514e-05
0.00010035573684823424 4.981651114051647e-05
0.00010070103064809577 4.974976432318631e-05
0.00010107610363869403 4.9683388879038365e-05
0.00010148007750224328 4.9617363764714595e-05
0.00010191263918887434 4.9551687780733517e-05
0.00010237397766877995 4.9486372573282617e-05
0.00010286449355004259 4.9421431766564355e-05
0.0001033845392887905 4.9356871048834156e-05
0.00010393409263332797 4.929268348668678e-05
0.00010451271119778119 4.9228851824852093e-05
0.00010511950036798825 4.9165356168553304e-05
0.00010575344804994314 4.91021829189045e-05
0.00010641359827253805 4.903933039208941e-05
0.00010709934484967057 4.8976808457525806e-05
0.00010781031458686273 4.8914632759661236e-05
0.00010854631216132377 4.8852816818666794e-05
0.00010930703899513343 4.879136604409376e-05
0.00011009203816176347 4.873027614316072e-05
0.00011090064865223186 4.8669535686749615e-05
0.0001117321261055857 4.860913042119969e-05
0.00011258577569823882 4.854904649981631e-05
0.00011346109639374753 4.848927108505596e-05
0.00011435790467957334 4.842979066611505e-05
0.0001152763009323388 4.837058867743216e-05
0.00011621658085473885 4.831164400268331e-05
0.00011717900152395838 4.8252931065431715e-05
0.00011816361770298369 4.8194421265541215e-05
0.000119170088708572 4.813608514888518e-05
0.00012019763562911916 4.8077894852990855e-05
0.00012124504985046724 4.801982656487541e-05
0.00012231070439279291 4.7961862572731134e-05
0.00012339250711928458 4.790399214322713e-05
0.00012448786351024698 4.784621048341264e-05
0.00012559371185573578 4.7788515764091155e-05
0.0001267065697766154 4.773090531009008e-05
0.00012782261270310674 4.7673372727836255e-05
0.00012893776666234388 4.761590730563772e-05
0.00013004782486494729 4.755849566856138e-05
0.00013114849937196418 4.750112439786888e-05
0.0001322354317581142 4.744378203424757e-05
0.00013330418384157794 4.738645970260233e-05
0.00013435021998403995 4.7329150724254726e-05
0.00013536895231901577 4.72718500723196e-05
0.00013635590406048154 4.7214554134013265e-05
0.00013730700518585633 4.7157260509397836e-05
0.00013821895719423824 4.709996730458549e-05
0.00013908960163916908 4.704267171850435e-05
0.00013991816409502026 4.698536831021852e-05
0.00014070528352542165 4.6928047556599184e-05
0.00014143815058825025 4.687069506682101e-05
0.00014210648813168123 4.681329148933239e-05
0.00014271470764079194 4.675581304584148e-05
0.000143266505925898 4.669823272947585e-05
0.00014376445403168283 4.6640522203867524e-05
0.00014420995786166606 4.6582654115546324e-05
0.0001446034824423511 4.652460413223994e-05
0.0001449451355931847 4.6466351923832305e-05
0.00014523512507030732 4.640788068944329e-05
0.0001454742912205079 4.634917551859033e-05
0.0001456640797065047 4.629022143344888e-05
0.00014580652247545782 4.6231002133037546e-05
0.00014590371474592997 4.6171500166815316e-05
0.0001459576957153131 4.6111698667920115e-05
0.0001459701608703983 4.605158405395979e-05
0.0001459427818649626 4.599114856770198e-05
0.0001458773634279821 4.593039143469327e-05
0.00014577630921274845 4.5869317943432464e-05
0.00014564272118136248 4.58079366877813e-05
0.0001454804278428886 4.5746256079226555e-05
0.000145293697599201 4.568428153864726e-05
0.0001450869149143635 4.562201428995674e-05
0.0001448643036992788 4.555945177580484e-05
0.0001446297681375903 4.549658889409225e-05
0.00014438696600857192 4.543341897234737e-05
0.00014413937368805142 4.536993376804202e-05
0.00014389037614616026 4.5306122453792064e-05
0.0001436431484173653 4.5241970142370636e-05
0.00014340053624963366 4.517745669908521e-05
0.00014316481316515214 4.5112556351287886e-05
0.00014293750167072863 4.504723816631251e-05
0.0001427193557009282 4.498146711920392e-05
0.00014251053540271453 4.491520536727481e-05
0.00014231083089494883 4.484841348844498e-05
0.00014211983068297066 4.478105162137799e-05
0.00014193708095854547 4.471308056114287e-05
0.00014176218467063073 4.464446283152998e-05
0.00014159483132615387 4.457516367828082e-05
0.00014143475593984638 4.450515187787857e-05
0.0001412817314710997 4.443440026046311e-05
0.00014113559019009365 4.436288588704693e-05
0.0001409962574744385 4.429058989616555e-05
0.00014086380800116608 4.421749713019382e-05
0.00014073851739031682 4.41435957677927e-05
0.00014062087409463737 4.406887725697667e-05
0.000140511549994665 4.399333678512668e-05
0.0001404113768301574 4.391697431319064e-05
0.0001403213166485512 4.3839795876025184e-05
0.00014024242676816646 4.37618145607728e-05
0.00014017582490146789 4.368305046279289e-05
0.000140119033822762 4.360352907750026e-05
0.0001400696933248832 4.352327806326356e-05
0.00014002865827142573 4.3442322933413824e-05
0.00013999656173901216 4.336068287113734e-05
0.00013997379250524204 4.327836808473012e-05
0.0001399605071748139 4.319537979752264e-05
0.00013995663036303868 4.3111713023989e-05
0.00013996192905138907 4.302736111715458e-05
0.00013997599925221363 4.2942320232813164e-05
0.00013999833736783344 4.28565918649329e-05
0.00014002828835208136 4.277018253251788e-05
0.00014006510565681585 4.268310110176407e-05
0.0001401078611599472 4.259535539312062e-05
0.00014015549974343887 4.2506949967956176e-05
0.00014020679294862476 4.24178862271328e-05
0.00014026044983219684 4.232816463797459e-05
0.00014031513535057394 4.223778779795587e-05
0.0001403695764651598 4.214676275784285e-05
0.00014042258775160378 4.2055101643460185e-05
0.00014047313261709315 4.196282064359083e-05
0.00014052035005619523 4.186993827497501e-05
0.0001405635772615143 4.177647399218956e-05
0.00014060234315805067 4.168244776622809e-05
0.00014063633396513208 4.158788056039808e-05
0.00014066535873531345 4.14927951662529e-05
0.00014068930098605525 4.1397216818266774e-05
0.00014070808283368823 4.1301173266495433e-05
0.00014072161681779694 4.1204694274217524e-05
0.00014072976084372914 4.1107810651828947e-05
0.00014073226166431296 4.1010552924544e-05
0.00014072870287598347 4.091294980310481e-05
0.0001407184644045948 4.081502679694621e-05
0.00014070069800830437 4.071680553036777e-05
0.00014067431866563923 4.061830425863833e-05
0.00014063801603831575 4.051953965745689e-05
0.0001405902838565247 4.042052933793047e-05
0.0001405294651136848 4.032129413166288e-05
0.00014045380903936566 4.022185936083944e-05
0.00014036154170455793 4.0122254910672506e-05
0.0001402509363019396 4.002251456672323e-05
0.00014012037824725308 3.992267524761603e-05
0.00013996841564598144 3.9822776418362016e-05
0.00013979378362007482 3.972285943337761e-05
0.00013959540622593948 3.9622966340011057e-05
0.00013937238010360684 3.952313790230727e-05
0.00013912395443479775 3.942341109315628e-05
0.00013884952318371984 3.93238166423171e-05
0.00013854864119643018 3.9224377263384624e-05
0.00013822104521689132 3.9125107011657445e-05
0.00013786667139635748 3.902601204196221e-05
0.00013749119866603252 3.892709284021578e-05
0.0001371012961325847 3.882834768234589e-05
0.00013669811025459198 3.872977656341203e-05
0.00013628269228829778 3.863138437157701e-05
0.00013585594849466383 3.853318203955389e-05
0.00013541864946119714 3.8435185019974893e-05
0.00013497143647407434 3.833740951072334e-05
0.0001345149228059697 3.82398679080187e-05
0.00013404970109784692 3.814256535505586e-05
0.00013357645229006404 3.804549880271832e-05
0.00013309586142059508 3.794865881046397e-05
0.00013260865624722184 3.785203301136936e-05
0.00013211542900036228 3.7755609346341173e-05
0.00013161668233896092 3.765937734149724e-05
0.0001311127236554387 3.756332676895999e-05
0.00013060382406398073 3.746744450243422e-05
0.0001300902175458509 3.737171140023865e-05
0.0001295722568062187 3.727610104893239e-05
0.00012905039945239016 3.718058117466172e-05
0.00012852524715889268 3.708511709834758e-05
0.0001279975067484703 3.698967563453559e-05
0.00012746798849825935 3.6894227820973013e-05
0.00012693761510926545 3.679874973492106e-05
0.00012640742467688075 3.6703221749340154e-05
0.00012587862815627792 3.6607627273740895e-05
0.00012535261553921255 3.651195195875437e-05
0.00012483098135247236 3.641618374628647e-05
0.00012431545503151047 3.632031352355722e-05
0.00012380785869691937 3.622433585486612e-05
0.00012330999582993584 3.612824940949291e-05
0.00012282355636556724 3.6032056973264726e-05
0.00012235007498332537 3.593576507559745e-05
0.00012189096191734696 3.583938319864227e-05
0.00012144753675917288 3.574292248495481e-05
0.00012102102420620889 3.5646394040880075e-05
0.00012061256194181127 3.5549807282639345e-05
0.00012022320277425151 3.545316900246259e-05
0.00011985390663327306 3.5356483664455984e-05
0.00011950551004243225 3.525975487003036e-05
0.00011917872611323923 3.516298734927009e-05
0.0001188741600624888 3.5066188657700836e-05
0.00011859232502905743 3.496937001510117e-05
0.00011833366448243584 3.48725461986471e-05
0.00011809856507954686 3.4775734650552975e-05
0.00011788734123311459 3.467895392525108e-05
0.0001177001915481543 3.458222146218021e-05
0.00011753715923254724 3.4485550768941636e-05
0.00011739809677328896 3.4388948463290325e-05
0.00011728264890056866 3.429241203585162e-05
0.00011719026597674915 3.419592925718931e-05
0.00011712025862568669 3.4099479818243406e-05
0.00011707186297731937 3.4003039088459364e-05
0.00011704429527395214 3.390658321095891e-05
0.00011703682179258759 3.381009422854034e-05
0.00011704877811884672 3.3713563828134674e-05
0.0001170795352048301 3.361699458784284e-05
0.00011712842702507221 3.352039837025214e-05
0.00011719466141212466 3.3423792513739836e-05
0.0001172772374948722 3.33271953188094e-05
0.00011737489925362597 3.323062258552348e-05
0.00011748615404385603 3.31340863878489e-05
0.0001176093463760679 3.303759618519461e-05
0.00011774275317524267 3.2941161256936496e-05
0.00011788466681627552 3.284479295151063e-05
0.00011803345458971655 3.2748505476683926e-05
0.000118187586823638 3.265231482809175e-05
0.00011834564110723565 3.2556236351451856e-05
0.00011850629051978539 3.246028202262899e-05
0.00011866829815804695 3.2364458507162797e-05
0.00011883053982010807 3.2268766575700714e-05
0.00011899206295112076 3.217320178711125e-05
0.0001191521533330587 3.2077755877928105e-05
0.0001193103706182029 3.19824181734471e-05
0.00011946653128681235 3.1887176542001044e-05
0.00011962064196297084 3.179201773900395e-05
0.00011977281430311499 3.169692726956441e-05
0.00011992319545601073 3.16018890313928e-05
0.00012007192875949749 3.1506885074663454e-05
0.00012021913735116478 3.141189582339665e-05
0.00012036492442542191 3.131690101346174e-05
0.00012050937230545045 3.1221881360080084e-05
0.00012065252084953955 3.112682060057645e-05
0.00012079433507664642 3.103170723171497e-05
0.00012093469072723912 3.093653526775597e-05
0.00012107338902059692 3.084130368165641e-05
0.00012121019041501626 3.0746014753075396e-05
0.00012134486219845705 3.0650671920533223e-05
0.00012147723467348562 3.0555277733011754e-05
0.0001216072517591866 3.0459832129004633e-05
0.0001217350003738536 3.0364330933264905e-05
0.0001218607127603225 3.0268764387487296e-05
0.00012198474889817462 3.0173115858792704e-05
0.00012210756056100458 3.0077361248825873e-05
0.00012222963707727425 2.998146976771962e-05
0.00012235144551493992 2.988540644676893e-05
0.0001224733691733758 2.9789136217345247e-05
0.00012259564028797488 2.969262882366805e-05
0.00012271828417046533 2.9595863505538222e-05
0.00012284110315187503 2.9498832302299327e-05
0.0001229637069213211 2.9401540975752122e-05
0.00012308577002946485 2.9304007017047495e-05
0.00012320694615372213 2.9206254933047265e-05
0.00012332682253687774 2.910830995549174e-05
0.00012344523052084503 2.9010192072184e-05
0.00012356232229264653 2.8911912404939316e-05
0.00012367857433576355 2.881347323023878e-05
0.00012379471585089973 2.871487156703295e-05
0.00012391160292360797 2.8616104791306246e-05
0.00012403008410017416 2.851717590668379e-05
0.00012415089315371574 2.8418096314250518e-05
0.00012427459748312825 2.8318885077024958e-05
0.0001244016038334334 2.8219565324762164e-05
0.00012453221527523674 2.8120159727185873e-05
0.0001246666892374337 2.8020687280892048e-05
0.00012480525574237505 2.792116283853799e-05
0.00012494807090205086 2.782159928466088e-05
0.00012509513833163847 2.772201090596449e-05
0.00012524623588554336 2.762241604698651e-05
0.00012540088659978947 2.752283774800149e-05
0.00012555837602038468 2.742330230807652e-05
0.000125717804280765 2.7323836769968524e-05
0.00012587815285628785 2.7224466672789993e-05
0.00012603835379654786 2.712521494895037e-05
0.00012619735037726487 2.7026102082217118e-05
0.00012635413781416553 2.6927147027060172e-05
0.0001265077834915687 2.682836828966223e-05
0.00012665743493022987 2.6729784792546563e-05
0.00012680233513895838 2.6631416439406447e-05
0.00012694185437750992 2.6533284386929396e-05
0.00012707553571249518 2.6435410984855523e-05
0.0001272031347599891 2.633781934508958e-05
0.00012732463304074732 2.6240532658421134e-05
0.0001274402148663025 2.61435736381814e-05
0.00012755021365237537 2.6046964481916263e-05
0.00012765504153405748 2.5950727466299284e-05
0.00012775511437535878 2.5854885751980944e-05
0.0001278507809347062 2.5759463710344627e-05
0.0001279422602207008 2.566448625808404e-05
0.0001280295900267476 2.556997730623206e-05
0.0001281125899306354 2.547595798752314e-05
0.00012819084480916824 2.5382445456988145e-05
0.00012826371504292433 2.5289452634087717e-05
0.00012833037968368294 2.5196988706038814e-05
0.00012838991834559824 2.510505991088277e-05
0.00012844143014468403 2.5013670206797123e-05
0.00012848417481391408 2.4922821758036756e-05
0.00012851770905733157 2.4832515306650454e-05
0.00012854198700938083 2.474275047924246e-05
0.0001285573972623042 2.465352591713918e-05
0.00012856472124968369 2.4564839131394067e-05
0.00012856326707475814 2.4476686122008873e-05
0.00012855291335625764 2.438906092559409e-05
0.00012853518570908967 2.430195523737272e-05
0.00012851129627362325 2.4215358115278057e-05
0.00012848209710723194 2.412925570273103e-05
0.0001284481334638053 2.404363098198331e-05
0.00012840975860627687 2.3958463722807688e-05
0.0001283673002457943 2.3873730853232744e-05
0.00012832117931596242 2.3789407337482943e-05
0.00012827200199814115 2.3705467438024652e-05
0.00012822053447588457 2.362188604333737e-05
0.00012816765807925523 2.3538639704390185e-05
0.00012811425110610195 2.3455707128656328e-05
0.000128061135086304 2.3373069092381266e-05
0.00012800901495686417 2.3290707963839058e-05
0.0001279585069241878 2.320860717766604e-05
0.00012791015196886296 2.3126751042469584e-05
0.0001278644612316472 2.3045125053668125e-05
0.00012782191262725293 2.296371658717239e-05
0.00012778293362081646 2.288251559322968e-05
0.00012774785326276792 2.280151485361745e-05
0.000127716858440391 2.272070959464731e-05
0.0001276899661940682 2.2640096618703476e-05
0.00012766701888777173 2.2559673341075726e-05
0.0001276477053864468 2.247943720720333e-05
0.00012763158528385896 2.2399385712159464e-05
0.0001276181143574721 2.231951697314813e-05
0.0001276066566810844 2.2239830521159076e-05
0.00012759649516483722 2.216032795636369e-05
0.00012758683649526667 2.2081013177292774e-05
0.0001275768192667084 2.2001892179438626e-05
0.0001275655259233825 2.1922972542394448e-05
0.0001275519963357228 2.1844262846720114e-05
0.00012753523893571005 2.176577217426201e-05
0.00012751423973211056 2.1687509752003897e-05
0.00012748797109272484 2.1609484691494096e-05
0.0001274554013528151 2.1531705749502222e-05
0.00012741550651119356 2.145418106701616e-05
0.00012736728515330418 2.1376917866279543e-05
0.00012730977354895429 2.12999221576686e-05
0.0001272420588006592 2.1223198507714508e-05
0.0001271632890957254 2.1146749952620503e-05
0.00012707267997536998 2.107057813513849e-05
0.0001269695179053973 2.0994683716839962e-05
0.00012685316288683538 2.0919067078229575e-05
0.000126723051845058 2.0843729243776032e-05
0.00012657870208455122 2.0768672902269497e-05
0.00012641971653744617 2.069390332117005e-05
0.00012624578981219282 2.0619428940778228e-05
0.00012605671608077607 2.054526148439345e-05
0.00012586391308794313 2.0471415525573355e-05
0.0001256802791866878 2.039790761020413e-05
0.00012550748745349783 2.032475514608667e-05
0.00012534709862393505 2.025197529950673e-05
0.00012520053955738896 2.0179584087981484e-05
0.00012506908467327878 2.0107595737679784e-05
0.00012495383014563154 2.003602231069254e-05
0.00012485569354401304 1.9964873532559574e-05
0.00012477540679308667 1.989415677500911e-05
0.00012471354352434704 1.9823877151322472e-05
0.00012467053600389273 1.9754037655639323e-05
0.00012464671458800654 1.9684639285658112e-05
0.0001246423340168214 1.9615681068483465e-05
0.00012465760282246105 1.9547159996618352e-05
0.00012469270598181536 1.9479070923162506e-05
0.00012474781577985123 1.9411406573285883e-05
0.0001248231124587858 1.9344157764417114e-05
0.0001249187861394466 1.927731386759668e-05
0.0001250350516408764 1.921086342917752e-05
0.00012517214311494709 1.9144794795856318e-05
0.00012533031359023635 1.9079096643247195e-05
0.0001255098212013675 1.9013758359248678e-05
0.0001257109111109686 1.8948770310479868e-05
0.00012593380522881242 1.8884124039879324e-05
0.00012617868006077395 1.8819812401787983e-05
0.00012644567294360493 1.8755829589805345e-05
0.0001267348805160134 1.8692171021912618e-05
0.00012704639428816328 1.8628833052682092e-05
0.00012738030719853974 1.8565812528230363e-05
0.00012773674616916602 1.850310622978843e-05
0.00012811590143572407 1.844071023264504e-05
0.0001285180431492243 1.8378619231651516e-05
0.00012894350796697332 1.8316825836944828e-05
0.00012939268783353122 1.8255319906394785e-05
0.00012986604033350067 1.8194087969519712e-05
0.00013036407378806935 1.8133112879351737e-05
0.00013088731575999036 1.8072373796834684e-05
0.0001314362729610477 1.8011846586632463e-05
0.00013201140950476264 1.7951504613165914e-05
0.00013261311114510412 1.7891319821529417e-05
0.00013324165936738234 1.7831263949448506e-05
0.00013389723590158912 1.77713097034779e-05
0.00013457994985200975 1.7711431803055233e-05
0.00013528989198294638 1.7651607846395218e-05
0.00013602721542690344 1.7591819006488457e-05
0.00013679223036128032 1.7532050545610023e-05
0.00013758547295558249 1.7472292152004992e-05
0.0001384077491330817 1.7412538070978034e-05
0.0001392601385703603 1.7352786990811053e-05
0.0001401439542450395 1.729304163430867e-05
0.00014103188891344853 1.72333080303462e-05
0.0001418966881653332 1.717359450295261e-05
0.00014273931916841375 1.7113910551282835e-05
0.0001435604677985777 1.705426591116707e-05
0.000144360498286874 1.6994670109408277e-05
0.0001451394823192736 1.6935132692536686e-05
0.0001458972019370046 1.6875664041078597e-05
0.00014663325599563866 1.6816276364125388e-05
0.00014734705343178922 1.675698434611475e-05
0.00014803795927972147 1.6697805028945828e-05
0.00014870524701304948 1.663875686935129e-05
0.0001493482318214396 1.6579858344200477e-05
0.00014996618150546657 1.652112674783643e-05
0.0001505584568971389 1.6462577721969296e-05
0.0001511244279501731 1.6404225752403995e-05
0.00015166360215336654 1.6346085329622256e-05
0.00015217556412118238 1.6288172176436022e-05
0.0001526600888987227 1.6230503947785302e-05
0.00015311713262359635 1.6173100124527995e-05
0.00015354689313362433 1.6115981276151187e-05
0.00015394978450080667 1.6059168204796137e-05
0.000154326408914678 1.6002681437188998e-05
0.0001546775071849877 1.5946541296846944e-05
0.00015500389276481175 1.589076835464484e-05
0.00015530642669189326 1.583538386093486e-05
0.00015558596726469515 1.578040975119821e-05
0.00015584335554082738 1.5725868083963507e-05
0.00015607937437040191 1.567178002641681e-05
0.00015629475769295289 1.5618164682595914e-05
0.0001564901778007007 1.5565038029973638e-05
0.00015666624243790162 1.551241214155924e-05
0.0001568235058093148 1.546029480372496e-05
0.00015696249826992735 1.540868960802841e-05
0.0001570837524614477 1.5357596577145888e-05
0.0001571878221877166 1.5307013298552358e-05
0.00015727531215221707 1.5256936366298685e-05
0.00015734690242969222 1.5207362877505542e-05
0.0001574033595149734 1.5158291740795943e-05
0.00015744552913062048 1.5109724743958552e-05
0.00015747432248517268 1.5061667479384505e-05
0.00015749069402311552 1.501413020175632e-05
0.00015749561654697025 1.4967128471383984e-05
0.00015749006232329896 1.4920683195435852e-05
0.00015747499104286296 1.4874819583690635e-05
0.00015745134380447092 1.4829564735002743e-05
0.0001574200430039652 1.478494397874619e-05
0.00015738199239009616 1.4740976590668642e-05
0.00015733807133293959 1.4697671820926295e-05
0.00015728912175939612 1.4655026316621328e-05
0.00015723592973992392 1.4613023804517511e-05
0.0001571774299658436 1.457163743043624e-05
0.00015711308142574715 1.4530834402670667e-05
0.00015704419744803132 1.4490581792873242e-05
0.00015697190751069577 1.4450851862624764e-05
0.00015689713367611938 1.4411625290460667e-05
0.00015682057034795772 1.4372891394533183e-05
0.00015674267400435493 1.4334645509407606e-05
0.0001566636371676867 1.4296884785429398e-05
0.00015658338092995738 1.4259604206007248e-05
0.0001565015272499733 1.422279445310523e-05
0.00015641741897759725 1.418644232487748e-05
0.00015633011856889005 1.4150533264901954e-05
0.00015623848828546968 1.4115054609280947e-05
0.00015614122328787153 1.4079997923552995e-05
0.0001560369310128383 1.404535938944601e-05
0.00015592411171054866 1.4011138227628533e-05
0.00015580118411874898 1.3977334165457544e-05
0.00015566646267179524 1.3943945343031922e-05
0.0001555182233294533 1.3910967643405298e-05
0.0001553547607233462 1.387839560529694e-05
0.00015517445944162857 1.384622419835918e-05
0.00015497582162448344 1.3814450478617096e-05
0.0001547574688165471 1.3783074348797802e-05
0.00015451813659517056 1.3752098328687762e-05
0.00015425664359593094 1.3721526667554579e-05
0.00015397188798867148 1.3691364355562785e-05
0.00015366282661555215 1.3661616378991132e-05
0.0001533285127624809 1.3632287364104267e-05
0.00015296813584922013 1.3603381529694175e-05
0.00015258109855719533 1.3574902939943873e-05
0.0001521670701673734 1.3546855967661031e-05
0.00015172601079884454 1.351924584016076e-05
0.0001512581359116475 1.3492078970594318e-05
0.00015076382887973014 1.3465362818494697e-05
0.0001502435397791222 1.3439105212793845e-05
0.00014969767913837644 1.3413313414947087e-05
0.0001491265212899422 1.3387993344896043e-05
0.00014853009923777302 1.3363149208828196e-05
0.00014790810301867566 1.3338783357293854e-05
0.0001472597617175185 1.3314895910075675e-05
0.00014658375340928975 1.3291483769970608e-05
0.00014587817958190032 1.32685391488023e-05
0.00014514064906062064 1.3246048271339794e-05
0.00014436852385543434 1.3223991109468508e-05
0.00014355930065746932 1.3202342753503016e-05
0.00014271108526113272 1.3181076402392355e-05
0.0001418230958338258 1.3160167410423973e-05
0.0001408960703536703 1.3139597367949063e-05
0.0001399324047549522 1.3119357102863577e-05
0.00013893597328551438 1.3099447587844315e-05
0.00013791082540389095 1.3079878190651317e-05
0.0001368616767665299 1.3060662419878133e-05
0.00013579316763982207 1.3041812280754905e-05
0.00013470860776662193 1.302333297909658e-05
0.00013360957454714123 1.3005219797093681e-05
0.00013249595421743757 1.2987458209136327e-05
0.00013136631530513338 1.2970027088436697e-05
0.00013021867311178076 1.295290361206028e-05
0.0001290511368269266 1.2936067882451247e-05
0.0001278625956647368 1.29195055070426e-05
0.0001266528078301841 1.2903207358017782e-05
0.00012542239715501662 1.2887167011164935e-05
0.0001241722018943305 1.2871377371052178e-05
0.00012290292805990216 1.285582822152867e-05
0.00012161464223766553 1.2840505846448136e-05
0.00012030698142670897 1.2825394686475505e-05
0.00011897928410206707 1.2810479958848958e-05
0.00011763109899327241 1.2795749737015e-05
0.00011626232551579724 1.2781195463031081e-05
0.00011487330538867067 1.2766810792614464e-05
0.00011346460314195306 1.275258955431291e-05
0.00011203673945474517 1.273852386519253e-05
0.0001105899132431077 1.2724603109807303e-05
0.00010912378255664034 1.271081385972872e-05
0.00010763750891952626 1.2697140348075925e-05
0.0001061298914847181 1.2683565026087862e-05
0.00010459969271566474 1.267006897243822e-05
0.00010304583395832376 1.265663215980345e-05
0.00010146760509216716 1.2643233656711717e-05
9.986463319371094e-05 1.262985178038592e-05
9.823677771488723e-05 1.2616464139223599e-05
9.658406575534755e-05 1.2603047626010694e-05
9.490675718827026e-05 1.2589578571690907e-05
9.320542731224848e-05 1.2576033339848497e-05
9.148098975007894e-05 1.256238936519008e-05
8.973476389706602e-05 1.2548626318893696e-05
8.796854615485296e-05 1.2534726839701082e-05
8.618467468672779e-05 1.252067645824903e-05
8.438605622410187e-05 1.2506462782807537e-05
8.257625602685197e-05 1.2492074463927444e-05
8.075959611221093e-05 1.2477500490822718e-05
7.894119833990006e-05 1.2462730080497336e-05
7.712695014868784e-05 1.2447753065029238e-05
7.532332382497855e-05 1.243256045696875e-05
7.353699947218501e-05 1.2417145036445337e-05
7.177432609000719e-05 1.240150198762724e-05
7.004077120793574e-05 1.2385629643816426e-05
6.834046401968442e-05 1.236953026847662e-05
6.667596795509338e-05 1.2353210574460316e-05
6.504838239883257e-05 1.2336681703226798e-05
6.345332943705435e-05 1.2319958538568182e-05
6.1887128798725e-05 1.230305846332963e-05
6.034988313938881e-05 1.2285999860466024e-05
5.88428991556545e-05 1.2268800644966299e-05
5.7368922217924636e-05 1.2251477174953646e-05
5.593197454095456e-05 1.2234043734557498e-05
5.45365673737596e-05 1.221651274511959e-05
5.318707036438999e-05 1.2198895577710672e-05
5.1886643602967705e-05 1.2181203590734546e-05
5.063710204980179e-05 1.216344893826063e-05
4.943850786214833e-05 1.2145644782073084e-05
4.828998045819089e-05 1.2127804875652903e-05
4.7189809452410575e-05 1.2109942795220097e-05
4.613647582649571e-05 1.2092071209918176e-05
4.5128529801960474e-05 1.2074201521241473e-05
4.416507074090505e-05 1.2056343970424932e-05
4.3245190136687695e-05 1.2038508082505561e-05
4.236803365224286e-05 1.202070316709894e-05
4.153241145464024e-05 1.2002938590462836e-05
4.073697070947374e-05 1.1985223648501575e-05
3.9980332773911705e-05 1.1967567051799494e-05
3.9261412991245676e-05 1.194997621649374e-05
3.8579619695973794e-05 1.1932456630055904e-05
3.793479852648353e-05 1.1915011493241617e-05
3.732714639295987e-05 1.1897641731761777e-05
3.675689036668726e-05 1.188034632082155e-05
3.6224136810582364e-05 1.1863122794629477e-05
3.5728648493598624e-05 1.1845967838510635e-05
3.5269903948923036e-05 1.1828877846314922e-05
3.484708940506582e-05 1.1811849403964292e-05
3.445913460060566e-05 1.1794879639093203e-05
3.4104751031767644e-05 1.1777966478988128e-05
3.378250532863793e-05 1.176110886982884e-05
3.349084742311652e-05 1.1744306971844809e-05
3.322808632287461e-05 1.1727562319485685e-05
3.299244114166293e-05 1.1710877800313185e-05
3.278212472658636e-05 1.169425729581966e-05
3.25954295883459e-05 1.1677704964154628e-05
3.243075530811294e-05 1.1661224315735741e-05
3.228662986760018e-05 1.1644817385848133e-05
3.216169059311725e-05 1.1628484297560027e-05
3.205463172880557e-05 1.1612223328634486e-05
3.196415309440171e-05 1.1596031303743454e-05
3.188891965319531e-05 1.1579904019318882e-05
3.1827549406798856e-05 1.1563836416508128e-05
3.1778634589211054e-05 1.1547822379213979e-05
3.174079821813396e-05 1.1531854265736663e-05
3.1712771521241646e-05 1.1515922343094398e-05
3.169348862643273e-05 1.1500014416930548e-05
3.1682177240795716e-05 1.148411584095052e-05
