5.873729383139758e-09 0.000253420189584512
1.2181941412051916e-08 0.00025341415877500745
1.8216572909176598e-08 0.00025340173658675025
2.533007825815034e-08 0.0002533894522742698
3.162395905662323e-08 0.00025337692643058116
4.016717057367759e-08 0.0002533649076633705
4.7568695874877355e-08 0.0002533524489173357
5.722151287584998e-08 0.00025334014208957395
6.709909882862099e-08 0.00025332823161252835
7.79606153541152e-08 0.0002533155926292448
9.048674713357298e-08 0.0002533037265761845
1.0355148216829762e-07 0.00025329139947240925
1.1871673900552816e-07 0.0002532792879303067
1.346978839195128e-07 0.0002532671951770149
1.5297236703477407e-07 0.0002532550799857654
1.7267952726772937e-07 0.00025324298976674847
1.9404875361891662e-07 0.00025323052922898714
2.1756525981540753e-07 0.0002532185604592792
2.428673553688942e-07 0.0002532065984273933
2.7082219432703323e-07 0.00025319473968291387
3.008071856324658e-07 0.00025318270908068763
3.333578247275868e-07 0.0002531704874875994
3.6823888230206533e-07 0.0002531583840779325
4.0575863770415133e-07 0.00025314631454693634
4.4621725923244066e-07 0.00025313441604852757
4.892792303287998e-07 0.00025312231243548866
5.354090640523176e-07 0.0002531102960085553
5.84547844484565e-07 0.0002530984886039839
6.371484460123011e-07 0.0002530867170503215
6.931087785188571e-07 0.000253074799325341
7.523603335089328e-07 0.0002530625920014913
8.151549377623388e-07 0.00025305048957185647
8.815026603569237e-07 0.00025303854267964485
9.517256360845067e-07 0.00025302672708542653
1.025784067406684e-06 0.0002530149360026844
1.1039022020766106e-06 0.00025300310061422693
1.1861564731381864e-06 0.0002529912549674891
1.2725976583650734e-06 0.00025297932608210963
1.3634774622547792e-06 0.0002529674160897284
1.4588238581443772e-06 0.0002529554466178356
1.5587596361029383e-06 0.0002529433597559874
1.663349605459263e-06 0.00025293123011880733
1.772856405574292e-06 0.000252919098213511
1.8874486386253705e-06 0.0002529068598449251
2.0073012880117236e-06 0.00025289430275101527
2.132616707236108e-06 0.00025288130570997464
2.2633922567270504e-06 0.0002528677152130211
2.3997349537796537e-06 0.0002528535541399708
2.5416521466428734e-06 0.00025283893968626805
2.6892800230453903e-06 0.0002528239776608543
2.8428067335483533e-06 0.00025280874308922577
3.0023551197223456e-06 0.00025279312674586496
3.1680390089481666e-06 0.00025277703337983973
3.339897009026367e-06 0.0002527604472866256
3.5180857591577166e-06 0.000252743436940938
3.7027340314348587e-06 0.00025272602450975706
3.893931957046078e-06 0.0002527081424567347
4.091722821972675e-06 0.0002526897911953735
4.296183102791963e-06 0.0002526710556052733
4.507489507958426e-06 0.00025265203286784985
4.7257938104921676e-06 0.00025263268758697957
4.951237971581024e-06 0.00025261290980099077
5.183892176006057e-06 0.0002525926208802355
5.423810332884309e-06 0.00025257182141497775
5.671063199971252e-06 0.0002525506029152462
5.925718103543628e-06 0.00025252905773099146
6.1878707654048955e-06 0.0002525072643326798
6.457648839203618e-06 0.0002524852775755704
6.735186975680163e-06 0.00025246309084939536
7.020607249881862e-06 0.0002524406534232769
7.314027699090353e-06 0.00025241791672528033
7.615535344406138e-06 0.00025239485017510346
7.92519382665273e-06 0.0002523714618915991
8.24306102777757e-06 0.000252347816679252
8.569232393637771e-06 0.0002523240068237134
8.90383517961543e-06 0.0002523000893838098
9.247011700826922e-06 0.0002522760501920407
9.598910471998083e-06 0.00025225182661007053
9.95963899368546e-06 0.00025222733173654865
1.0329265549977348e-05 0.00025220251290030554
1.070782017755166e-05 0.000252177399492029
1.109535891700195e-05 0.00025215209262882676
1.1491977956183097e-05 0.0002521266889254914
1.1897763628949809e-05 0.0002521011966013127
1.2312758515163087e-05 0.0002520755614517471
1.2736922298725752e-05 0.0002520497255419467
1.3170146592274978e-05 0.0002520236664965425
1.3612244829145953e-05 0.00025199739000681537
1.4062962148810294e-05 0.0002519708982915425
1.452197571779356e-05 0.00025194417525963714
1.4988916219483528e-05 0.00025191718849258693
1.5463472039111674e-05 0.0002518899239432222
1.5945486303813507e-05 0.00025186236840132187
1.6435054966592087e-05 0.00025183446395231693
1.693254764970919e-05 0.0002518060961856951
1.7438587063493604e-05 0.0002517771351759207
1.795400534234181e-05 0.00025174750869734475
1.847973421716833e-05 0.00025171721415207307
1.9016639938773978e-05 0.00025168627844324165
1.956531057296648e-05 0.0002516547083457367
2.011525324606945e-05 0.00025162248475794555
2.0655828657478398e-05 0.00025158959242646203
2.1186558811852626e-05 0.0002515560331778459
2.170696804692333e-05 0.0002515218216664339
2.2216786742758576e-05 0.0002514869589432915
2.2716085171879905e-05 0.000251451419725629
2.320520259815186e-05 0.0002514151632759254
2.3684663420708596e-05 0.00025137816021153503
2.4154923727684478e-05 0.0002513404154984057
2.4616305763286492e-05 0.00025130195711512565
2.5068849191193138e-05 0.0002512628096304134
2.5512474841824466e-05 0.00025122296974667765
2.594698998089502e-05 0.0002511824081354655
2.637234889634612e-05 0.0002511410909544695
2.6788603822129143e-05 0.00025109899508758
2.7196012266816145e-05 0.00025105611409909426
2.7594845072226234e-05 0.0002510124573538615
2.7985384670234977e-05 0.00025096804835788786
2.8367792554234695e-05 0.0002509229106821345
2.874214921269305e-05 0.00025087705010084366
2.910847373489139e-05 0.0002508304451920608
2.9466787471998358e-05 0.0002507830492439224
2.9817144095783516e-05 0.00025073481332428885
3.015961000955248e-05 0.00025068572095118813
3.0494294754962134e-05 0.0002506358082002384
3.082132854822669e-05 0.00025058514199617285
3.1140882764413614e-05 0.0002505337715674148
3.145310966661456e-05 0.0002504816957757845
3.175814229949563e-05 0.0002504288701247123
3.205605842902609e-05 0.00025037524392171676
3.234688191232323e-05 0.00025032079268750423
3.263062702702677e-05 0.0002502655262580783
3.290737720685834e-05 0.000250209473623874
3.3177325753915674e-05 0.0002501526599194663
3.344074445664294e-05 0.0002500950914649386
3.369795131316923e-05 0.0002500367532531321
3.394929418074291e-05 0.00024997761698747
3.41951667590584e-05 0.00024991765197819593
3.4436035966260745e-05 0.0002498568350037672
3.4672492304564644e-05 0.0002497951556086203
3.4905274354578585e-05 0.00024973261528365986
3.5135245032071945e-05 0.00024966922280348497
3.5363338518267495e-05 0.0002496049872919154
3.559048882949725e-05 0.000249539911878989
3.581754896464472e-05 0.0002494739892990698
3.604520877603635e-05 0.0002494072020876939
3.6273930588582474e-05 0.0002493395278657662
3.650390614707495e-05 0.00024927094657732976
3.673505849081042e-05 0.00024920144655455473
3.6967092954257186e-05 0.00024913102620142263
3.719957859536694e-05 0.000249059690393974
3.743204555446729e-05 0.0002489874424524349
3.7664078231302245e-05 0.0002489142754673289
3.789538629750151e-05 0.0002488401682384962
3.812583057756355e-05 0.00024876508969047875
3.835540606082245e-05 0.00024868901088892156
3.858419491869944e-05 0.000248611916249121
3.8812303349617426e-05 0.0002485338059538614
3.903979685152296e-05 0.00024845468922694847
3.9266654566229994e-05 0.0002483745744749008
3.9492760697011045e-05 0.00024829346267228256
3.971793229337621e-05 0.00024821134624147465
3.9941967198682685e-05 0.00024812821188532896
4.016469055189064e-05 0.000248044044277234
4.0385983135443505e-05 0.0002479588293240846
4.060578252270013e-05 0.0002478725572412528
4.082406158763838e-05 0.00024778522475935386
4.104079420255841e-05 0.00024769683507455675
4.125592302619167e-05 0.0002476073948803094
4.146934492205335e-05 0.0002475169097755289
4.1680921291311565e-05 0.00024742538066938047
4.189050320097058e-05 0.00024733280367636445
4.2097955891273566e-05 0.00024723917484424304
4.230317149539404e-05 0.0002471444989109728
4.2506064686891093e-05 0.0002470487987589337
4.2706556640190044e-05 0.00024695212067976993
4.290455754938292e-05 0.00024685453255029674
4.3099955470160987e-05 0.00024675611654844526
4.3292614922130615e-05 0.00024665696054554376
4.348238852702636e-05 0.00024655715131016026
4.366913466802363e-05 0.0002464567700695107
4.385272925504971e-05 0.00024635588892079133
4.403307176967571e-05 0.00024625456520591116
4.4210092863386616e-05 0.0002461528308660213
4.438376208442126e-05 0.00024605067648951137
4.455408662546008e-05 0.0002459480345199834
4.4721099101107014e-05 0.0002458447701062065
4.488483845405154e-05 0.00024574068775466
4.504532861619755e-05 0.00024563555667806575
4.5202558535202516e-05 0.00024552915077181645
4.535646643024964e-05 0.0002454212943241475
4.5506932183583574e-05 0.0002453119033945135
4.56537791899158e-05 0.00024520101361706625
4.5796787201290285e-05 0.00024508878655611285
4.593571898572922e-05 0.00024497548938044733
4.6070354899008074e-05 0.0002448614484667662
4.6200522884333845e-05 0.00024474698601745573
4.6326116503914436e-05 0.0002446323555557496
4.6447098175828636e-05 0.0002445176937941468
4.656348401493302e-05 0.00024440300232762835
4.667684707195494e-05 0.000244288164394018
4.67887481323019e-05 0.00024417299172563994
4.689918501627201e-05 0.00024405728734623947
4.700810420406285e-05 0.0002439409054647429
4.7115406204725874e-05 0.0002438237909916756
4.722096366141361e-05 0.00024370598799120305
4.732464821361641e-05 0.0002435876160989045
4.742635432726208e-05 0.0002434688237260632
4.752601760024306e-05 0.00024334973424044656
4.762361351403728e-05 0.0002432304038913896
4.771914426476822e-05 0.00024311080643171432
4.781261113775885e-05 0.00024299084963847264
4.790399458164077e-05 0.000242870416811352
4.799323935423741e-05 0.00024274941666287825
4.8080258967768115e-05 0.0002426278215948499
4.816494735702469e-05 0.0002425056788753592
4.824720188248672e-05 0.00024238309050444648
4.8326940732985466e-05 0.00024226017130720562
4.8404112556636686e-05 0.0002421370045322356
4.847868950536887e-05 0.00024201361483956046
4.8550650160523795e-05 0.0002418899695316827
4.861996016461158e-05 0.00024176600503144838
4.868656093894599e-05 0.00024164166430291553
4.875037086479871e-05 0.00024151692754268914
4.8811296229750044e-05 0.00024139182357724512
4.8869247550911975e-05 0.0002412664190951791
4.89241539886722e-05 0.0002411407920756073
4.8975971297483135e-05 0.000241015001223005
4.902467947832062e-05 0.00024088906374966287
4.907027227354238e-05 0.0002407629497992829
4.9112743507948974e-05 0.00024063659465875867
4.9152076995796694e-05 0.00024050992245993816
4.918824434538113e-05 0.00024038287053756296
4.922121079945509e-05 0.00024025540402830212
4.9250945600826574e-05 0.00024012751541924518
4.927743229499381e-05 0.0002399992110919194
4.93006750293222e-05 0.00023987049291053844
4.932069925363962e-05 0.0002397413446307249
4.93375483638738e-05 0.00023961172970551892
4.9351280735586344e-05 0.0002394816009521905
4.9361970892040243e-05 0.00023935091684097395
4.93697160051017e-05 0.0002392196564569224
4.937464606937402e-05 0.0002390878261737464
4.937693322067698e-05 0.00023895545492522846
4.937679423908303e-05 0.00023882258002060064
4.9374481148744706e-05 0.00023868922973350679
4.937025885929751e-05 0.00023855541055802995
4.9364373900522384e-05 0.00023842110505370787
4.9357023653213674e-05 0.00023828628121161377
4.934833689837757e-05 0.0002381509085696773
4.933837327387668e-05 0.00023801497292883986
4.9327143219914414e-05 0.00023787848245128418
4.931464254380603e-05 0.00023774146267033572
4.930089044218285e-05 0.00023760394377155686
4.928595804573932e-05 0.00023746594715513478
4.926997830282553e-05 0.0002373274779835302
4.925313464248551e-05 0.00023718852675558982
4.923563295196028e-05 0.00023704907821454554
4.92176669863168e-05 0.00023690912254426336
4.919938995203161e-05 0.00023676866317914186
4.918090321098182e-05 0.0002366277175636887
4.9162266241144055e-05 0.00023648631072457904
4.9143522818344106e-05 0.00023634446498371417
4.9124731173539526e-05 0.00023620219099335787
4.910598454243283e-05 0.00023605948460830514
4.908741356941692e-05 0.00023591633116590988
4.906917092410942e-05 0.0002357727150083047
4.905140609608341e-05 0.00023562862952991245
4.903424222725114e-05 0.0002354840829741009
4.901776550627743e-05 0.00023533909753995289
4.900203134422227e-05 0.00023519370272917853
4.8987082567652914e-05 0.00023504792653126008
4.8972969051502045e-05 0.00023490178878653178
4.8959758445239715e-05 0.00023475529965351002
4.894753288746385e-05 0.0002346084633241506
4.893637419513453e-05 0.00023446128441639152
4.8926345040495604e-05 0.00023431377323783822
4.8917473894808194e-05 0.0002341659469753503
4.890974822636704e-05 0.00023401782623335907
4.890311644334448e-05 0.00023386942879885866
4.889749430296726e-05 0.00023372076373319103
4.8892769404778935e-05 0.00023357182845166677
4.888880105979418e-05 0.0002334226098788389
4.8885418259175874e-05 0.00023327308897556215
4.888242081432431e-05 0.00023312324668417136
4.887958790929049e-05 0.0002329730689741051
4.887669622672372e-05 0.0002328225491828491
4.8873545666767547e-05 0.0002326716869669107
4.8869986588735935e-05 0.00023252048448651683
4.886594138084056e-05 0.00023236894146218615
4.8861414963038607e-05 0.00023221705108466412
4.8856492076773135e-05 0.00023206479830014878
4.885132133099564e-05 0.00023191216094405748
4.88460886482745e-05 0.00023175911301474145
4.884098632549719e-05 0.0002316056286101563
4.883618395878046e-05 0.00023145168501502791
4.883180565251734e-05 0.00023129726409723203
4.882791764206319e-05 0.00023114235213200773
4.882452900297427e-05 0.0002309869388940934
4.8821603927506236e-05 0.0002308310169629145
4.881908227900721e-05 0.00023067458169065413
4.8816901193024944e-05 0.00023051763154554109
4.881499719313634e-05 0.0002303601680492401
4.8813345874902234e-05 0.00023020219462226155
4.881196373237946e-05 0.00023004371432113965
4.8810899620331966e-05 0.00022988472731838225
4.881021410718157e-05 0.0002297252294655057
4.8809962505243516e-05 0.00022956521298301072
4.8810173631694e-05 0.00022940466930522485
4.8810848524492364e-05 0.0002292435929492423
4.881195590289349e-05 0.000229081984701604
4.88134509714203e-05 0.00022891985278783444
4.881528220291575e-05 0.00022875721176618402
4.8817415720576944e-05 0.000228594079988622
4.8819834448491494e-05 0.00022843047701124122
4.8822545919471244e-05 0.00022826642212431247
4.882556605057484e-05 0.00022810193447712207
4.882891580322289e-05 0.0002279370345139517
4.883260847281228e-05 0.0002277717459086212
4.883664949789748e-05 0.00022760609698581347
4.8841035180502156e-05 0.00022744012074574563
4.884575767950178e-05 0.00022727385303202702
4.885081212403673e-05 0.0002271073290217307
4.885620239410679e-05 0.00022694057887073446
4.886194804482163e-05 0.00022677362372257315
4.8868081577763533e-05 0.00022660647318822544
4.8874644714995745e-05 0.0002264391248562106
4.8881677853914914e-05 0.000226271565678747
4.888921711977709e-05 0.00022610377456882755
4.889729044249342e-05 0.00022593572548406174
4.890591648469122e-05 0.0002257673906540386
4.891510442312141e-05 0.00022559874416733586
4.8924854417631835e-05 0.00022542976646404075
4.893515441360337e-05 0.0002252604500596854
4.894597245153943e-05 0.00022509080602083065
4.8957251298364095e-05 0.00022492086967961303
4.89689058291145e-05 0.00022475070341635914
4.898082380180039e-05 0.00022458039457496498
4.899286816474981e-05 0.00022441004778041285
4.900488405663047e-05 0.00022423977265541295
4.9016707315584676e-05 0.0002240696694414887
4.902817185563091e-05 0.00022389981572888684
4.9039115860857796e-05 0.00022373025722994405
4.904938656234151e-05 0.00022356100453476205
4.905884496281288e-05 0.00022339203644764632
4.906737176879666e-05 0.0002232233091280303
4.9074875778456785e-05 0.00022305476905118762
4.9081302115635955e-05 0.00022288636693977917
4.908663823731444e-05 0.00022271806953163761
4.909091405312702e-05 0.00022254986652022954
4.909419281914959e-05 0.00022238177120738334
4.9096554510700085e-05 0.0002222138150326826
4.909807626018955e-05 0.00022204603772096876
4.909881583100639e-05 0.00022187847585229334
4.9098801540134094e-05 0.00022171115294813623
4.909803141121461e-05 0.00022154407364842824
4.9096481954699286e-05 0.0002213772233870051
4.909412323345494e-05 0.00022121057346658965
4.909093408415004e-05 0.00022104408996482736
4.908691171788913e-05 0.00022087774387803336
4.908207286402955e-05 0.00022071151961772575
4.90764468940029e-05 0.0002205454195358253
4.90700646958499e-05 0.00022037946342067308
4.9062948930626885e-05 0.00022021368352196855
4.905511032278719e-05 0.000220048117095889
4.90465511792327e-05 0.00021988279920231654
4.903727442774391e-05 0.00021971775818455455
4.902729408777042e-05 0.0002195530149785123
4.901664322471142e-05 0.00021938858560815663
4.900537748215865e-05 0.00021922448471605252
4.899357490631299e-05 0.00021906072745186966
4.898133398553783e-05 0.0002188973277857699
4.896877279861692e-05 0.00021873429302494626
4.895603151939682e-05 0.00021857161622635887
4.894327788582943e-05 0.00021840926947255812
4.8930713650451255e-05 0.00021824720105407397
4.891857950999591e-05 0.00021808533845178724
4.8907156539061415e-05 0.00021792359711529305
4.889676385482199e-05 0.00021776189312335686
4.888775493516007e-05 0.00021760015658337656
4.8880514503250726e-05 0.0002174383424359723
4.887545583156594e-05 0.00021727643614427236
4.88730180183938e-05 0.00021711445319579428
4.887366210100038e-05 0.00021695243293397282
4.887786277533299e-05 0.0002167904285194193
4.888609217832026e-05 0.00021662849548884783
4.889879569867164e-05 0.0002164666813408711
4.8916363004328674e-05 0.00021630501793431026
4.893909894927692e-05 0.00021614351752271416
4.8967199676866113e-05 0.00021598217235007863
4.9000739116942995e-05 0.00021582095717456382
4.903967005455895e-05 0.00021565983394490965
4.908384066693246e-05 0.000215498757935563
4.913302450490982e-05 0.00021533768466263162
4.9186960511160917e-05 0.00021517657669943568
4.9245396661294224e-05 0.00021501540918821352
4.930812890189232e-05 0.00021485417271999152
4.9375029210628756e-05 0.0002146928726311434
4.944605891527745e-05 0.0002145315246774096
4.952126379025152e-05 0.00021437014821583042
4.960016738267695e-05 0.0002142087589573939
4.968224338740435e-05 0.00021404736361064006
4.976748005290292e-05 0.00021388595815366104
4.985581209599957e-05 0.00021372453023315446
4.9947105633325154e-05 0.0002135630647488347
5.004116354961141e-05 0.00021340155056967514
5.01377441211848e-05 0.0002132399859475463
5.0236594174446046e-05 0.00021307838069689958
5.033747490580447e-05 0.00021291675441164476
5.0440187709513994e-05 0.00021275513147820183
5.054457412772158e-05 0.0002125935348541684
5.065051248729639e-05 0.00021243198105165909
5.075789100609058e-05 0.00021227047826834905
5.086659214005022e-05 0.00021210902831692718
5.0976467055629775e-05 0.00021194763140749626
5.108733317748512e-05 0.00021178629160466603
5.1198971857684396e-05 0.00021162502046054646
5.131114724402257e-05 0.0002114638370881404
5.1423621247422285e-05 0.0002113027644920877
5.1536170501452254e-05 0.00021114182362603345
5.1648590490049067e-05 0.00021098102765244875
5.176069158472309e-05 0.0002108203787811666
5.1872289043374183e-05 0.00021065986890711486
5.198319252934838e-05 0.0002104994836284492
5.2093203649368166e-05 0.00021033920786217922
5.2202118759926846e-05 0.00021017903077092878
5.2309740713640695e-05 0.00021001894820798367
5.2415891305900395e-05 0.00020985896203926102
5.252042598632312e-05 0.00020969907695350676
5.2623241621041386e-05 0.0002095392962251294
5.2724277663318904e-05 0.0002093796181091706
5.282351087078144e-05 0.00020922003414626522
5.292094641618934e-05 0.00020906052984774603
5.301660672911228e-05 0.0002089010873052924
5.311052018802076e-05 0.0002087416885435331
5.3202713180470114e-05 0.00020858231819307488
5.3293204811973357e-05 0.00020842296443730063
5.338200322643122e-05 0.00020826361805597812
5.346910210554739e-05 0.0002081042703485636
5.355447874075923e-05 0.000207944911279654
5.3638093879233425e-05 0.00020778552903299302
5.3719894262833955e-05 0.0002076261113713833
5.379981877967617e-05 0.00020746664821315666
5.3877807434348955e-05 0.0002073071341779746
5.3953811298308174e-05 0.00020714756984492252
5.402780095018924e-05 0.00020698796104422212
5.409977135181358e-05 0.0002068283163602705
5.4169741594926624e-05 0.00020666864375332508
5.4237749839177846e-05 0.00020650894755338406
5.430384488245415e-05 0.0002063492269327484
5.4368076616979456e-05 0.0002061894764105593
5.443048812536395e-05 0.0002060296881732232
5.449111139001225e-05 0.00020586985531460822
5.4549967277309027e-05 0.00020570997478571926
5.46070689418332e-05 0.0002055500490528786
5.466242699105124e-05 0.00020539008608141604
5.471605431775456e-05 0.00020523009799112632
5.476796875008472e-05 0.00020507009922239583
5.481819269539544e-05 0.0002049101051011977
5.486675037829365e-05 0.00020475013134490377
5.491366430156817e-05 0.00020459019450507973
5.495895273701603e-05 0.00020443031286437874
5.5002629441948175e-05 0.00020427050707793118
5.50447056403438e-05 0.00020411079995941855
5.5085193159846935e-05 0.0002039512151994667
5.512410710507059e-05 0.00020379177530520723
5.5161466685002196e-05 0.0002036324994409873
5.519729382808686e-05 0.00020347340194733915
5.523161041834357e-05 0.0002033144920824334
5.5264435674391046e-05 0.00020315577508389984
5.529578500051309e-05 0.0002029972542101459
5.532567089015817e-05 0.00020283893317495083
5.5354105330409595e-05 0.000202680818409854
5.538110238233523e-05 0.00020252292082267864
5.540667978992972e-05 0.00020236525701525926
5.543085910471062e-05 0.00020220785013532958
5.5453664681721005e-05 0.00020205073055572578
5.547512265579334e-05 0.0002018939364010347
5.549526115426209e-05 0.00020173751366572845
5.551411211999505e-05 0.00020158151546000383
5.5531714553481984e-05 0.00020142599993088622
5.5548118714455425e-05 0.00020127102669946148
5.556338997891028e-05 0.00020111665214869734
5.557761063064985e-05 0.00020096292438595564
5.5590878777439714e-05 0.00020080987896757205
5.5603304805967016e-05 0.00020065753636852243
5.5615005948924745e-05 0.00020050590173018717
5.562609963895994e-05 0.00020035496679857503
5.5636696643318994e-05 0.00020020471341572477
5.564689504217442e-05 0.0002000551176407489
5.565677595863355e-05 0.00019990615361663647
5.566640153472623e-05 0.00019975779658096618
5.56758157527942e-05 0.00019961002480003986
5.568504825931915e-05 0.000199462820521374
5.5694120069400805e-05 0.00019931617021574227
5.5703050231598786e-05 0.00019917006439768709
5.571186296230629e-05 0.00019902449722028134
5.572059350024838e-05 0.00019887946591151673
5.572929046778143e-05 0.00019873497003119675
5.573801456609044e-05 0.0001985910105291623
5.5746706018875285e-05 0.00019844758869276904
5.575535178223076e-05 0.00019830470521856047
5.576409099219694e-05 0.00019816235975291321
5.5773050809309094e-05 0.00019802055121061549
5.57823403065495e-05 0.00019787927896405128
5.5792046601019115e-05 0.00019773854464544965
5.5802237252553804e-05 0.0001975983539517015
5.581296204378691e-05 0.0001974587176619587
5.5824261965127047e-05 0.00019731965120010908
5.583616968388817e-05 0.0001971811725117352
5.584871653414233e-05 0.00019704329862804335
5.586192346402896e-05 0.00019690604182303131
5.587579855030561e-05 0.00019676940646165542
5.589031585555284e-05 0.00019663338738795666
5.5905409254713195e-05 0.00019649797009375566
5.5920955509434636e-05 0.00019636313222677268
5.593677628844953e-05 0.00019622884558063297
5.595263004512817e-05 0.00019609507776701882
5.596821478834756e-05 0.00019596179325998692
5.598316306504758e-05 0.00019582895414516077
5.599704163557642e-05 0.00019569652131383106
5.600934882092986e-05 0.0001955644567707901
5.601951307011262e-05 0.00019543272717979787
5.602689605761263e-05 0.00019530130805418128
5.603079773743364e-05 0.00019517018747370815
5.603047553027327e-05 0.00019503936814226422
5.6025170101455206e-05 0.00019490886698972018
5.601414507926877e-05 0.00019477871216542
5.59967233458535e-05 0.00019464893790780563
5.597232533753688e-05 0.00019451957824465765
5.59404992835844e-05 0.00019439066071834724
5.590093990726308e-05 0.00019426220135481537
5.585349176961338e-05 0.000194134201883054
5.579814164642143e-05 0.00019400664974371373
5.5735003370002215e-05 0.00019387952077026815
5.566429082727726e-05 0.00019375278377280203
5.5586283741895843e-05 0.0001936264058461333
5.550129079737657e-05 0.00019350035722631026
5.540961743804905e-05 0.00019337461485903484
5.53115373928941e-05 0.00019324916430700154
5.5207273871740494e-05 0.00019312399997563345
5.5096994204302776e-05 0.00019299912381565143
5.498081648676705e-05 0.00019287454277231234
5.485882571713534e-05 0.00019275026542468418
5.4731093647992405e-05 0.0001926262984958231
5.459769626418728e-05 0.00019250264407466577
5.4458722512952495e-05 0.0001923792982990863
5.4314273986263116e-05 0.00019225625187948084
5.416445542796435e-05 0.0001921334923186413
5.4009360945854e-05 0.00019201100721863776
5.3849064546627665e-05 0.0001918887878082226
5.3683619690186997e-05 0.00019176683180529772
5.35130697871471e-05 0.00019164514493201848
5.3337467237935084e-05 0.0001915237407529094
5.315689764582172e-05 0.00019140263894877954
5.297150095465744e-05 0.0001912818625524615
5.278148167065851e-05 0.00019116143490845866
5.258710670986047e-05 0.00019104137710149183
5.2388696648667065e-05 0.00019092170633080302
5.2186618457993874e-05 0.00019080243532882887
5.1981284904455926e-05 0.00019068357257282648
5.177316156827572e-05 0.00019056512284311433
5.156277709736785e-05 0.0001904470876644207
5.135072822632981e-05 0.00019032946533631412
5.1137671545369214e-05 0.0001902122505411663
5.092430005299706e-05 0.00019009543383077115
5.0711308948086436e-05 0.00018997900148680705
5.049936116200754e-05 0.00018986293621534728
5.028906313682044e-05 0.00018974721885193363
5.008095554549624e-05 0.0001896318308356841
4.9875515559041645e-05 0.0001895167568391927
4.967316298238149e-05 0.00018940198678066636
4.947426106592104e-05 0.00018928751655878512
4.9279107053677447e-05 0.0001891733471916096
4.9087917200390365e-05 0.0001890594824975264
4.890081730172742e-05 0.0001889459258823424
4.871785065042546e-05 0.000188832677069449
4.853901042818741e-05 0.00018871972964704456
4.836429400787678e-05 0.00018860707007619867
4.819376495242204e-05 0.00018849467838723613
4.802760630691604e-05 0.00018838253030852015
4.786615345877088e-05 0.00018827060018954123
4.7709898261353435e-05 0.00018815886390996864
4.75594623013369e-05 0.00018804730104984846
4.741554773940037e-05 0.0001879358958720781
4.727888045838571e-05 0.0001878246370285129
4.7150156030633706e-05 0.0001877135162231848
4.7029993695749525e-05 0.0001876025262697381
4.6918901107038176e-05 0.00018749165903752044
4.681725135585346e-05 0.00018738090371539853
4.672527345164295e-05 0.00018727024567723183
4.6643057053671826e-05 0.0001871596660753018
4.65705743324276e-05 0.00018704914216780694
4.6507719932764446e-05 0.0001869386483232295
4.6454362780446376e-05 0.0001868281576313073
4.6410402098833394e-05 0.00018671764401853239
4.637581968856189e-05 0.0001866070846746025
4.6350714764340226e-05 0.00018649646243720785
4.6335308300822035e-05 0.00018638576761918074
4.6329916857585835e-05 0.00018627499873050124
4.633182886358304e-05 0.0001861641617281265
4.633833839861645e-05 0.0001860532678270195
4.634954512769516e-05 0.00018594233039303729
4.6365448950274635e-05 0.00018583136180890317
4.6385942080279825e-05 0.00018572037126842258
4.64108405224266e-05 0.00018560936414730583
4.64399021695677e-05 0.00018549834300713927
4.6472905615919114e-05 0.00018538730966728353
4.650964873510141e-05 0.0001852762673781802
4.6550028700818746e-05 0.00018516522215713746
4.6593989368940174e-05 0.00018505418279203198
4.6641579287849985e-05 0.00018494315967836766
4.6692848053608985e-05 0.00018483216323313817
4.674789792679645e-05 0.00018472120283165652
4.6806787903501325e-05 0.00018461028695704318
4.686960912208352e-05 0.00018449942465643965
4.693642889793237e-05 0.0001843886277609827
4.700736813377635e-05 0.00018427791295356696
4.708257688997598e-05 0.00018416730281857127
4.716227282542328e-05 0.00018405682542756846
4.7246725754150626e-05 0.00018394651256570596
4.733625447428922e-05 0.00018383639713157388
4.743120736814184e-05 0.00018372651037849852
4.753192017658135e-05 0.00018361687954353972
4.7638708544457156e-05 0.00018350752615628116
4.7751834867785063e-05 0.0001833984650845312
4.787152174981326e-05 0.00018328970422875485
4.799793304287417e-05 0.00018318124470225947
4.813120486277569e-05 0.00018307308130626962
4.827143641990425e-05 0.00018296520312766074
4.8418678599230095e-05 0.00018285759417790634
4.8572925206618426e-05 0.00018275023413655278
4.873412581519797e-05 0.00018264309937309625
4.890219340038456e-05 0.0001825361643918999
4.9076996849701325e-05 0.00018242940363313517
4.9258381965736894e-05 0.0001823227932830629
4.944620801633098e-05 0.00018221631258585197
4.964038946073465e-05 0.00018210994424466137
4.9840917697821045e-05 0.00018200367383775992
5.004788627928936e-05 0.00018189748856102528
5.026150105774018e-05 0.00018179137583475974
5.0482066971716884e-05 0.000181685322283541
5.070996071075877e-05 0.00018157931337098657
5.094558688853853e-05 0.00018147333369963534
5.1189321754668184e-05 0.00018136736778390228
5.14414516943715e-05 0.00018126140099407675
5.170212470005139e-05 0.00018115542034847706
5.197131487194175e-05 0.00018104941486894385
5.224881333340153e-05 0.00018094337534453261
5.25342463394431e-05 0.0001808372935349009
5.2827108772022965e-05 0.0001807311610329751
5.312681235352322e-05 0.0001806249680832324
5.3432741445742144e-05 0.00018051870258962988
5.3744304944445935e-05 0.00018041234939184317
5.40609586643429e-05 0.00018030588975216297
5.438219162406177e-05 0.0001801993009535978
5.470748537882951e-05 0.0001800925559747521
5.503626075748271e-05 0.0001799856233116251
5.536782643014074e-05 0.00017987846710381186
5.570134564655121e-05 0.00017977104774816524
5.603583565005464e-05 0.0001796633231321912
5.637020012136909e-05 0.00017955525049053594
5.670328242869078e-05 0.00017944678871386135
5.70339228682616e-05 0.00017933790077640996
5.736100582169168e-05 0.00017922855587906503
5.7683488292562874e-05 0.00017911873096524214
5.8000413565679885e-05 0.00017900841142030194
5.8310916670020715e-05 0.00017889759093472207
5.861423102409589e-05 0.00017878627062233726
5.89097058534573e-05 0.00017867445752225292
5.919683888461976e-05 0.00017856216261600763
5.9475314543719354e-05 0.0001784493984989463
5.9745034489434906e-05 0.00017833617688583353
6.000613036470098e-05 0.00017822250618307334
6.025895072749652e-05 0.00017810838941246382
6.050402451794904e-05 0.0001779938227869718
6.0742010216473354e-05 0.00017787879520498456
6.097363922181206e-05 0.00017776328882176257
6.119966004094017e-05 0.0001776472806751181
6.14207945549173e-05 0.00017753074512161238
6.163770720170215e-05 0.00017741365664319594
6.185097825454903e-05 0.00017729599248579933
6.206108378731521e-05 0.00017717773464093894
6.226839285808385e-05 0.00017705887087212518
6.247318128110417e-05 0.00017693939476038853
6.267565100280114e-05 0.0001768193050116565
6.287595180158436e-05 0.0001766986044586978
6.307420543188162e-05 0.00017657729925061455
6.327052816271781e-05 0.00017645539864833207
6.346504652714672e-05 0.00017633291563759132
6.365790427726936e-05 0.00017620986827690185
6.384926416157108e-05 0.00017608628136476373
6.403930458593601e-05 0.00017596218775212807
6.422821240793537e-05 0.00017583762853049661
6.44161817736791e-05 0.0001757126514921395
6.460341995723316e-05 0.00017558730768108335
6.479015196203037e-05 0.00017546164644718573
6.497662612404959e-05 0.0001753357099924975
6.51631274163766e-05 0.00017520952875962892
6.534999043785468e-05 0.0001750831189691951
6.553672218428726e-05 0.00017495648311363285
6.572290477333299e-05 0.00017482961334505664
6.59090009204302e-05 0.00017470249672731086
6.60954907460144e-05 0.00017457512060724267
6.62828575692746e-05 0.0001744474762478132
6.647157577437453e-05 0.00017431955948004133
6.666209444035562e-05 0.00017419136831228754
6.685483218674201e-05 0.00017406289871521943
6.705016188128253e-05 0.00017393414061744883
6.724841203071916e-05 0.0001738050760778688
6.744984629676147e-05 0.00017367568063121966
6.765466626339667e-05 0.00017354592735784047
6.786299831581614e-05 0.00017341579199113555
6.807491352758324e-05 0.00017328525695727015
6.829041962630629e-05 0.00017315431282910465
6.850947466268469e-05 0.00017302295693490122
6.873198065987668e-05 0.00017289119012090653
6.895780913973404e-05 0.00017275901327077833
6.918682038866053e-05 0.0001726264249155389
6.941889387459638e-05 0.00017249342039438176
6.965394130013261e-05 0.00017235999214446074
6.989191179234303e-05 0.00017222613031203995
7.013279185192435e-05 0.00017209182309787727
7.037660431700356e-05 0.000171957056790472
7.062341253613078e-05 0.00017182181584317335
7.087331319088909e-05 0.00017168608336083982
7.112642449213418e-05 0.00017154984205152227
7.138286047062566e-05 0.00017141307537388295
7.164271025614875e-05 0.00017127576851595078
7.190601421462678e-05 0.00017113790898221418
7.217274503609564e-05 0.00017099948672978302
7.244279496995172e-05 0.0001708604938395683
7.271597253853981e-05 0.00017072092365700078
7.299200548874563e-05 0.00017058076940359643
7.327054743368125e-05 0.00017044002255289792
7.355119066249855e-05 0.00017029867162579593
7.383347870322685e-05 0.0001701567021493884
7.41169140696021e-05 0.00017001409812844245
7.440095765803725e-05 0.00016987084465341917
7.468502635461769e-05 0.00016972693067677722
7.49684916177155e-05 0.00016958235094714433
7.525068325733125e-05 0.0001694371066036024
7.553090406682141e-05 0.00016929120460702426
7.580845787568663e-05 0.00016914465656598168
7.608269069328067e-05 0.00016899747744190952
7.635303925583508e-05 0.00016884968431603656
7.66190780709746e-05 0.000168701295207168
7.688055264531136e-05 0.0001685523279649527
7.713739053251457e-05 0.00016840279939195693
7.738968489347933e-05 0.00016825272475863573
7.763765030758338e-05 0.00016810211773461356
7.788155943093559e-05 0.00016795099062118235
7.812167459837466e-05 0.0001677993547622679
7.83581910742918e-05 0.00016764722110847521
7.859120547259673e-05 0.00016749460095542498
7.882071806754517e-05 0.00016734150679463544
7.904666777953756e-05 0.00016718795307070836
7.926898655943896e-05 0.00016703395659358605
7.9487652211845e-05 0.00016687953647069598
7.970272021906425e-05 0.0001667247136219116
7.991432463404894e-05 0.00016656951007994192
8.012265034003531e-05 0.00016641394829715675
8.032788989870637e-05 0.0001662580505850872
8.05302034925657e-05 0.00016610183867599507
8.072969742215808e-05 0.00016594533326680025
8.092642662753051e-05 0.00016578855333939518
8.112041573769291e-05 0.00016563151511195598
8.131168540249006e-05 0.00016547423068549727
8.150027018479983e-05 0.00016531670671983759
8.168622038971832e-05 0.0001651589436385513
8.186958924027288e-05 0.00016500093577489702
8.205041372097714e-05 0.0001648426725443415
8.222870008279236e-05 0.00016468414033042264
8.240442177753165e-05 0.00016452532452417012
8.257753019081969e-05 0.0001643662111622153
8.274797231508204e-05 0.00016420678784065737
8.29157071360065e-05 0.00016404704387299254
8.308071446853349e-05 0.00016388696989708823
8.324299466717183e-05 0.000163726557229283
8.340256253902419e-05 0.0001635657972392547
8.355944006587665e-05 0.0001634046809195766
8.371365105457633e-05 0.00016324319871260581
8.386521902968044e-05 0.00016308134057216664
8.40141675113112e-05 0.00016291909619080627
8.416051983502383e-05 0.00016275645532195723
8.43042957547854e-05 0.00016259340814196027
8.444550460671199e-05 0.00016242994563335847
8.45841369922903e-05 0.00016226605998565652
8.472015763816347e-05 0.00016210174501270908
8.485350171705516e-05 0.00016193699653901938
8.498407585984291e-05 0.0001617718126501813
8.511176383657145e-05 0.0001616061936590453
8.52364353553225e-05 0.0001614401416459646
8.535795582443219e-05 0.00016127365949923644
8.547619542468904e-05 0.0001611067494966638
8.559103600365465e-05 0.0001609394115872631
8.570237485200833e-05 0.00016077164164082433
8.581012582308068e-05 0.0001606034300085865
8.591421885192351e-05 0.00016043476075513
8.601459833071812e-05 0.00016026561185773086
8.61132170498582e-05 0.00016009595648931035
8.621197742791799e-05 0.00015992576523909605
8.631076974171146e-05 0.0001597550088455746
8.640947144152097e-05 0.00015958366084311768
8.65079486872456e-05 0.0001594116995439418
8.66060595210706e-05 0.00015923910900400226
8.670366102089042e-05 0.00015906587897293947
8.680061413799741e-05 0.00015889200416001684
8.689679299186293e-05 0.00015871748331734367
8.699208684979023e-05 0.00015854231856613984
8.708640752070055e-05 0.00015836651512863079
8.717968688177672e-05 0.00015819008128936662
8.727188292936701e-05 0.0001580130281912777
8.736297484388686e-05 0.00015783536907095636
8.745296764247812e-05 0.00015765711777692565
8.754188588260624e-05 0.0001574782867787214
8.762977651116178e-05 0.00015729888517523535
8.771670264505016e-05 0.00015711891730382094
8.780274330451769e-05 0.00015693838236889232
8.788798722320007e-05 0.00015675727514285337
8.797252841860121e-05 0.0001565755874335592
8.805645931208777e-05 0.000156393309828997
8.813986431833415e-05 0.00015621043329533749
8.822281576465468e-05 0.00015602695043633041
8.830536937822376e-05 0.00015584285643429827
8.838756458085007e-05 0.00015565814978237696
8.846942446933991e-05 0.0001554728328577483
8.855096061341006e-05 0.00015528691229439728
8.863217538116628e-05 0.00015510039909544596
8.87130671628714e-05 0.00015491330849689428
8.87936347670292e-05 0.00015472565968281324
8.887388022412602e-05 0.00015453747547419447
8.895380866915471e-05 0.00015434878203998345
8.903342789733863e-05 0.0001541596085973193
8.911274913400054e-05 0.0001539699870290838
8.919178615962528e-05 0.0001537799513877565
8.927055390007319e-05 0.00015358953729197392
8.934906703421238e-05 0.00015339878120962033
8.942734026800207e-05 0.0001532077195498388
8.950538805397372e-05 0.00015301638745196522
8.958322496644112e-05 0.00015282481723079971
8.966086721358928e-05 0.00015263303662209696
8.973833447795766e-05 0.00015244106717118497
8.981565242924562e-05 0.00015224892318464744
8.989285576923025e-05 0.00015205661157140227
8.996999135006572e-05 0.00015186413266549126
9.004711990975673e-05 0.00015167148185021156
9.012431654509037e-05 0.0001514786515991566
9.020166887271519e-05 0.0001512856334615828
9.027927281415756e-05 0.00015109241956194272
9.035722702702388e-05 0.00015089900335427467
9.043562604200525e-05 0.00015070537962284455
9.051455285837244e-05 0.0001505115439682063
9.059407223862764e-05 0.00015031749217791698
9.067422731098649e-05 0.00015012321986427463
9.075504037379902e-05 0.0001499287225919417
9.08365172769533e-05 0.00014973399648846725
9.091865414630766e-05 0.00014953903912813885
9.100144499924491e-05 0.00014934385036651648
9.108488844046137e-05 0.00014914843278971898
9.116899162352272e-05 0.00014895279151866045
9.125377098167679e-05 0.00014875693327462067
9.133925071911069e-05 0.00014856086484123232
9.142546069550556e-05 0.00014836459127789622
9.151243501134769e-05 0.00014816811436065003
9.160021193568194e-05 0.00014797143167059532
9.168883447563014e-05 0.00014777453653567682
9.177835060005817e-05 0.00014757741874035432
9.186881199699389e-05 0.00014738006569108356
9.196027039588378e-05 0.00014718246363363066
9.205277124495854e-05 0.0001469845985868322
9.214634628076919e-05 0.00014678645682757174
9.224100694992184e-05 0.0001465880249636696
9.23367400614725e-05 0.00014638928978232685
9.243350640997377e-05 0.00014619023811737047
9.253124175976794e-05 0.0001459908569233885
9.262985894925556e-05 0.0001457911336237641
9.272925028368649e-05 0.00014559105667527258
9.282928993001298e-05 0.000145390616228723
9.292983560296707e-05 0.00014518980478324048
9.303072993989979e-05 0.00014498861779192393
9.313180312101758e-05 0.00014478705421486562
9.32328770980044e-05 0.00014458511698786647
9.333377063339507e-05 0.00014438281330118874
9.343430500030819e-05 0.0001441801545193494
9.353431082544645e-05 0.0001439771555879002
9.363363548600467e-05 0.0001437738338734458
9.373215014525944e-05 0.00014357020753142172
9.382975598223788e-05 0.00014336629362265985
9.392638914719031e-05 0.0001431621062713724
9.402202356320959e-05 0.00014295765517020192
9.411667022762358e-05 0.00014275294472743116
9.421037256729672e-05 0.00014254797410576114
9.430319799140419e-05 0.00014234273831337935
9.439522564124654e-05 0.0001421372303391545
9.448653236979056e-05 0.00014193144408336175
9.457718067373106e-05 0.0001417253775844729
9.466721077667429e-05 0.00014151903586613265
9.475663756366499e-05 0.0001413124327108925
9.484545360424747e-05 0.0001411055908451704
9.493334337199399e-05 0.00014089854037713234
9.50200060169092e-05 0.0001406913157869713
9.510544771212876e-05 0.00014048395220120705
9.518969352827065e-05 0.00014027648192744754
9.527278945119053e-05 0.00014006893217509073
9.535479870761923e-05 0.0001398613244861062
9.543579278362198e-05 0.00013965367577883567
9.551584150044454e-05 0.00013944600028798285
9.559500245823103e-05 0.00013923831134978262
9.567331619092066e-05 0.0001390306220972852
9.575080436021874e-05 0.00013882294468729392
9.582747517486409e-05 0.0001386152884250806
9.590332781666152e-05 0.0001384076577365563
9.597836020820866e-05 0.00013820005105558142
9.605257283173881e-05 0.0001379924612885143
9.61259739765812e-05 0.00013778487777012932
9.61985791388431e-05 0.00013757728894525645
9.627040983109552e-05 0.00013736968472097266
9.634148867117977e-05 0.00013716205767826117
9.641183677160533e-05 0.00013695440292895225
9.64814732099443e-05 0.0001367467170170951
9.655041789926676e-05 0.00013653899656591167
9.661869522764035e-05 0.00013633123728459817
9.668633593956656e-05 0.00013612343359239304
9.675337709323134e-05 0.0001359155787692655
9.681985889497136e-05 0.0001357076653809748
9.688582052738417e-05 0.0001354996857581038
9.695129424785331e-05 0.00013529163242521902
9.701630039921434e-05 0.00013508349843506517
9.708084283161452e-05 0.00013487527756845738
9.714490659095509e-05 0.00013466696435640232
9.720845835234465e-05 0.00013445855395437592
9.727144936466593e-05 0.0001342500419896954
9.733381924667921e-05 0.00013404142451138926
9.739549958145159e-05 0.00013383269803975487
9.745641796732043e-05 0.00013362385951365408
9.751650253083704e-05 0.00013341490586370533
9.757568690137715e-05 0.0001332058330954823
9.763391493874088e-05 0.00013299663510125265
9.769114492388296e-05 0.00013278730267168165
9.774735188536905e-05 0.00013257782316520444
9.780252704881794e-05 0.00013236818099999006
9.785667403077035e-05 0.00013215835877252238
9.790980162781002e-05 0.00013194833861472632
9.796191396803708e-05 0.00013173810346647774
9.801299988079454e-05 0.00013152763813154694
9.806302422747452e-05 0.00013131693012811974
9.811192354278043e-05 0.00013110597035636065
9.815960784755084e-05 0.00013089475355550564
9.820596909387234e-05 0.0001306832785023422
9.825089507064566e-05 0.00013047154794602542
9.829428642844057e-05 0.0001302595683127447
9.83360734181121e-05 0.00013004734919237412
9.837622866374916e-05 0.0001298349025869762
9.841477272190196e-05 0.00012962224190687932
9.845177102060627e-05 0.00012940938081013736
9.84873231014915e-05 0.00012919633208888573
9.852154722874051e-05 0.00012898310684960473
9.855456468303996e-05 0.00012876971414141
9.858648794439083e-05 0.00012855616102985454
9.861741538070277e-05 0.00012834245298280755
9.86474324403492e-05 0.00012812859438595878
9.867661685910328e-05 0.0001279145890459056
9.870504411314846e-05 0.00012770044061910166
9.873278984020778e-05 0.00012748615300250954
9.875992785681596e-05 0.00012727173077942827
9.878652480330797e-05 0.00012705717980394937
9.881263403918159e-05 0.00012684250791987484
9.883829175971412e-05 0.00012662772568210537
9.886351733859342e-05 0.00012641284686894239
9.88883180377372e-05 0.00012619788861414558
9.891269622843897e-05 0.00012598287112998777
9.893665633066171e-05 0.00012576781716323177
9.896020912777639e-05 0.00012555275140985894
9.898337251733657e-05 0.00012533770008171102
9.900616944207316e-05 0.00012512269068594775
9.902862472691313e-05 0.00012490775194146098
9.905076248268651e-05 0.0001246929136729906
9.907260498182755e-05 0.00012447820652810443
9.909417309755935e-05 0.0001242636614240851
9.91154876176734e-05 0.00012404930872639622
9.913657048338612e-05 0.0001238351772377272
9.915744552331881e-05 0.00012362129312993783
9.917813884986317e-05 0.00012340767895776053
9.91986792123171e-05 0.00012319435288513786
9.921909846246369e-05 0.0001229813282200426
9.923943220167288e-05 0.00012276861331437378
9.925972044461584e-05 0.00012255621184240756
9.928000788209497e-05 0.00012234412343059553
9.930034331365864e-05 0.00012213234457855715
9.93207780502631e-05 0.00012192086977900682
9.934136344255021e-05 0.00012170969271178486
9.936214790304779e-05 0.00012149880734830393
9.93831739819523e-05 0.00012128820878318583
9.940447618663544e-05 0.00012107789363184976
9.942607992221539e-05 0.00012086785991950386
9.94480015110102e-05 0.00012065810652372305
9.947024913545788e-05 0.00012044863237362091
9.949282449199818e-05 0.00012023943569777762
9.951572479118466e-05 0.0001200305135957494
9.953888135561891e-05 0.0001198218620979026
9.956223515926113e-05 0.00011961347669863995
9.958579824210248e-05 0.00011940535316190895
9.960958617340765e-05 0.00011919748827892221
9.963361958183859e-05 0.00011898988024407545
9.965792460359862e-05 0.0001187825284346411
9.968253268412722e-05 0.00011857543258816938
9.970747861049814e-05 0.00011836859160657687
9.973279887120416e-05 0.00011816200238175603
9.97585282401873e-05 0.00011795565905117072
9.978469793017479e-05 0.00011774955295245498
9.981133206466461e-05 0.00011754367328898133
9.983844687114535e-05 0.00011733800826799548
9.986604794726136e-05 0.00011713254632931408
9.989413018253577e-05 0.00011692727710800946
9.992267525019972e-05 0.0001167221919399393
9.995165147197091e-05 0.00011651728393304722
9.998101197574553e-05 0.00011631254779046266
0.00010001069514574156 0.00011610797961723873
0.00010004062474813495 0.00011590357688477312
0.00010007071166213167 0.00011569933861785286
0.00010010085608690112 0.00011549526576406371
0.0001001309506852297 0.00011529136163856632
0.00010016088464756747 0.00011508763231190405
0.00010019054731816402 0.00011488408681719145
0.00010021983212209685 0.0001146807370842988
0.00010024863927032501 0.00011447759756769843
0.00010027687872625967 0.00011427468459963494
0.00010030447197913773 0.00011407201555617766
0.00010033135438795167 0.00011386960795636142
0.00010035747730740076 0.0001136674785970522
0.00010038280964488772 0.00011346564279092822
0.00010040733807567785 0.00011326411374995918
0.00010043106607088584 0.0001130629021530126
0.0001004540117469855 0.00011286201597772438
0.0001004762036805893 0.00011266146070154984
0.00010049767527679368 0.00011246123994676158
0.00010051845851094007 0.00011226135655227273
0.00010053857839385071 0.00011206181390775033
0.00010055804848088103 0.00011186261729256852
0.0001005768684692167 0.00011166377493483301
0.00010059502439832709 0.00011146529859076826
0.00010061249124313274 0.00011126720355886591
0.00010062923766064079 0.00011106950815343783
0.00010064523220944037 0.00011087223273126973
0.0001006604499962057 0.00011067539841360524
0.00010067487825799685 0.00011047902569579979
0.00010068851986483019 0.00011028313317200389
0.00010070139369240559 0.00011008773660042132
0.00010071353160494797 0.00010989284844736824
0.0001007249727271078 0.00010969847792009768
0.00010073575601115666 0.00010950463136179603
0.00010074591267899469 0.00010931131281258916
0.00010075546030399106 0.000109118524554086
0.00010076440037327764 0.00010892626751729528
0.00010077272004536809 0.00010873454151676121
0.00010078039755181037 0.00010854334532805696
0.00010078740972359957 0.00010835267666613538
0.00010079373959724609 0.00010816253214627342
0.00010079938200077126 0.00010797290731057521
0.00010080434558771198 0.00010778379679608416
0.00010080865104519662 0.0001075951946724503
0.00010081232648722726 0.00010740709491049993
0.00010081540182046228 0.00010721949187342261
0.00010081790391771175 0.00010703238068064322
0.00010081985386885182 0.00010684575731522913
0.00010082126644798022 0.0001066596184291918
0.00010082215105324605 0.0001064739609268131
0.00010082251280274094 0.00010628878150948512
0.00010082235244601491 0.0001061040763943033
0.00010082166434356396 0.00010591984134832727
0.00010082043291358748 0.0001057360720273931
0.00010081862871218805 0.00010555276446587783
0.00010081620555207084 0.00010536991547413152
0.00010081309988692791 0.00010518752273341869
0.00010080923286744689 0.00010500558448606201
0.0001008045146298494 0.00010482409888105601
0.0001007988499008273 0.00010464306314287089
0.00010079214383742203 0.00010446247278882853
0.00010078430687350534 0.00010428232106961949
0.00010077525788761035 0.00010410259872874195
0.00010076492562989942 0.00010392329408276044
0.00010075324824031257 0.00010374439337614699
0.00010074017065612068 0.00010356588135205375
0.0001007256403165172 0.00010338774198429684
0.00010070960211925386 0.00010320995931693139
0.0001006919933930683 0.00010303251832954885
0.0001006727395250951 0.00010285540571880816
0.00010065175100484201 0.00010267861048429347
0.00010062892268575037 0.0001025021242291764
0.00010060413594803297 0.00010232594114557153
0.00010057726408665788 0.00010215005772693311
0.00010054818096999564 0.00010197447230393675
0.00010051677230420461 0.00010179918454705436
0.0001004829477663149 0.00010162419507704287
0.00010044665210157918 0.00010144950529152041
0.00010040787350446814 0.00010127511743017112
0.00010036664742513116 0.00010110103479877425
0.0001003230543906238 0.00010092726197978227
0.00010027721201420429 0.00010075380482903531
0.00010022968985813892 0.0001005806701151156
0.00010018111049066144 0.00010040786480083538
0.00010013166368019016 0.0001002353951322782
0.00010008151551450617 0.00010006326583148623
0.00010003080236440604 9.989147971380813e-05
9.997963101623926e-05 9.972003794072454e-05
9.9928082139975e-05 9.954894090414418e-05
9.987621871050628e-05 9.937818950973148e-05
9.982409190682073e-05 9.920778646269404e-05
9.977174948475523e-05 9.903773716080436e-05
9.971923702532794e-05 9.886804995205487e-05
9.966660143802218e-05 9.869873576966864e-05
9.961388629127495e-05 9.852980738185926e-05
9.9561132655735e-05 9.836127860151506e-05
9.950837494478113e-05 9.819316373580259e-05
9.945564498157222e-05 9.802547738278072e-05
9.94029724063388e-05 9.78582344805766e-05
9.93503908009657e-05 9.769145040813484e-05
9.929793948148837e-05 9.752514094749434e-05
9.924566643022986e-05 9.735932201976674e-05
9.919362757868876e-05 9.719400922472005e-05
9.914188502896051e-05 9.702921728431749e-05
9.909050366768265e-05 9.686495948597537e-05
9.903954687263284e-05 9.670124718894405e-05
9.898907447282062e-05 9.653808941507275e-05
9.893914151536446e-05 9.637549254467095e-05
9.888980050299643e-05 9.621346013637469e-05
9.884110357721951e-05 9.605199289359351e-05
9.879310645215247e-05 9.589108876999902e-05
9.874586987057766e-05 9.573074318823885e-05
9.869945934669935e-05 9.557094934049826e-05
9.86539433429967e-05 9.541169857180815e-05
9.860939095169737e-05 9.525298087594003e-05
9.856586883362068e-05 9.509478553259426e-05
9.852343779916352e-05 9.493710184730816e-05
9.848215101347063e-05 9.477991987898171e-05
9.844205360587728e-05 9.462323099455883e-05
9.840318331745811e-05 9.446702812636668e-05
9.836557123901438e-05 9.431130571183055e-05
9.832924325776194e-05 9.41560593985917e-05
9.829422151985596e-05 9.400128564511848e-05
9.826052560033807e-05 9.384698132183789e-05
9.822817357088823e-05 9.369314336285517e-05
9.819718264902597e-05 9.353976848386e-05
9.816756919615588e-05 9.33868529780918e-05
9.813934793530407e-05 9.323439261017807e-05
9.811253071020943e-05 9.308238260327673e-05
9.808712476821065e-05 9.293081767727807e-05
9.806313116722743e-05 9.277969206141629e-05
9.8040543687397e-05 9.262899941598832e-05
9.801934830191415e-05 9.247873266019294e-05
9.799952346882012e-05 9.232888376459539e-05
9.798104111266538e-05 9.217944359651495e-05
9.79638678420134e-05 9.203040189422612e-05
9.794796546916919e-05 9.188174740299218e-05
9.793329047520273e-05 9.173346817100553e-05
9.791979264965008e-05 9.158555197616089e-05
9.790741347714159e-05 9.143798683800691e-05
9.78960849846068e-05 9.129076155905275e-05
9.788572980073311e-05 9.114386623134199e-05
9.787626294285602e-05 9.09972926488728e-05
9.786759519420413e-05 9.08510345834744e-05
9.785963735534076e-05 9.070508790564105e-05
9.785230441701944e-05 9.05594505656894e-05
9.784551885873634e-05 9.0414122477879e-05
9.78392126762667e-05 9.026910537271796e-05
9.783332831620334e-05 9.0124402675619e-05
9.782781893668196e-05 8.998001942833733e-05
9.782264848625113e-05 8.983596222000845e-05
9.78177919574921e-05 8.969223905041374e-05
9.781323585072549e-05 8.954885904917734e-05
9.780897842863718e-05 8.940583202522376e-05
9.780502928576163e-05 8.926316789126948e-05
9.78014079882681e-05 8.912087606606847e-05
9.77981418041742e-05 8.897896497676167e-05
9.77952628992417e-05 8.883744176264516e-05
9.779280550119103e-05 8.869631223308236e-05
9.779080339962861e-05 8.855558108041353e-05
9.778928795970408e-05 8.841525230071645e-05
9.778828678899851e-05 8.827532975269614e-05
9.77878229532967e-05 8.813581776747487e-05
9.778791451129227e-05 8.799672171897269e-05
9.778857442193736e-05 8.785804846934281e-05
9.778981104267105e-05 8.771980662325429e-05
9.779162921200387e-05 8.758200654569726e-05
9.779403167746072e-05 8.744466014653715e-05
9.779702067590695e-05 8.730778047734769e-05
9.780059945240374e-05 8.717138122352197e-05
9.780477341474342e-05 8.703547619161311e-05
9.780955066023553e-05 8.690007887522319e-05
9.781494178989237e-05 8.676520214913677e-05
9.782095915516002e-05 8.663085808475676e-05
9.78276157560423e-05 8.649705783096706e-05
9.783492408516887e-05 8.636381147583e-05
9.784289529315457e-05 8.623112780380485e-05
9.785153885226107e-05 8.609901390306193e-05
9.78608626718141e-05 8.596747465323615e-05
9.787087359838681e-05 8.583651219829305e-05
9.788157816835959e-05 8.570612557173146e-05
9.789298331859654e-05 8.557631065202534e-05
9.790270926131866e-05 8.544706056056589e-05
9.79084053667784e-05 8.531836649058183e-05
9.79101235118353e-05 8.519021881246702e-05
9.79079180704279e-05 8.506260817055245e-05
9.790184796530994e-05 8.493552626697223e-05
9.78919774169591e-05 8.480896611041608e-05
9.787837685878459e-05 8.468292170220326e-05
9.786111958696653e-05 8.455738734395105e-05
9.784028126731177e-05 8.44323568994533e-05
9.781593273314693e-05 8.430782335206582e-05
9.778814024410712e-05 8.41837788411702e-05
9.775695691005589e-05 8.406021514006587e-05
9.772242702694183e-05 8.393712432811645e-05
9.768457830341053e-05 8.381449933380844e-05
9.764342896722696e-05 8.369233411888513e-05
9.759897985132385e-05 8.35706234586786e-05
9.755122114443751e-05 8.344936246677467e-05
9.750012548875833e-05 8.332854609384086e-05
9.744565290998697e-05 8.320816877744469e-05
9.738774813361022e-05 8.308822428573434e-05
9.732634409599516e-05 8.296870567372355e-05
9.72613631947164e-05 8.284960523423368e-05
9.719272001967099e-05 8.273091438491115e-05
9.712032723171135e-05 8.261262352824567e-05
9.704409568378715e-05 8.249472198977245e-05
9.696393833301486e-05 8.237719813004515e-05
9.687976568924995e-05 8.226003966873771e-05
9.679148622342367e-05 8.214323418985134e-05
9.669899674871749e-05 8.202676976036549e-05
9.660217979499348e-05 8.191063558831563e-05
9.650090259631393e-05 8.179482263896698e-05
9.639501815478211e-05 8.167932411205434e-05
9.62843653272101e-05 8.156413567215678e-05
9.616877426937517e-05 8.144925535712166e-05
9.604808024459093e-05 8.133468317748221e-05
9.5922135100736e-05 8.122042052938552e-05
9.579081691333802e-05 8.110646960676413e-05
9.565403720008312e-05 8.099283296185075e-05
9.55117492220759e-05 8.08795132585631e-05
9.536394889023002e-05 8.076651315697472e-05
9.521067126347835e-05 8.065383523802455e-05
9.505198455690414e-05 8.054148191487948e-05
9.488798013065257e-05 8.042945535364013e-05
9.471876161379598e-05 8.031775744835393e-05
9.454443564148142e-05 8.020638985942533e-05
9.436510619639786e-05 8.00953540836015e-05
9.41808706268057e-05 7.99846515072665e-05
9.399182003991632e-05 7.987428343623343e-05
9.379804088442724e-05 7.97642511404309e-05
9.35996165479013e-05 7.96545559644743e-05
9.339663053355855e-05 7.954519952611469e-05
9.318916768853777e-05 7.943618397567367e-05
9.297731156681356e-05 7.93275122643669e-05
9.276113796539628e-05 7.921918837590358e-05
9.254071176523103e-05 7.911121748349972e-05
9.231608970085287e-05 7.900360600108722e-05
9.208732783007572e-05 7.889636149933932e-05
9.18544918825761e-05 7.878949247392894e-05
9.161766896539977e-05 7.868300798965361e-05
9.137697745589064e-05 7.85769172652849e-05
9.113257049366488e-05 7.847122928301975e-05
9.088463195535737e-05 7.836595249692546e-05
9.063336771809326e-05 7.826109467349782e-05
9.037899648033192e-05 7.815666284788705e-05
9.012174360390362e-05 7.805266333430275e-05
8.986184043617722e-05 7.79491016983172e-05
8.959952749075396e-05 7.784598262220929e-05
8.933505974920436e-05 7.77433096422614e-05
8.906871160727745e-05 7.764108481567514e-05
8.880077825363388e-05 7.753930843007115e-05
8.853157125562352e-05 7.743797886764284e-05
8.826141184556155e-05 7.733709269221872e-05
8.799062603214923e-05 7.723664494434929e-05
8.771954348198586e-05 7.71366295718584e-05
8.744850134507242e-05 7.70370399034992e-05
8.71778497936628e-05 7.693786908473735e-05
8.690795425250233e-05 7.68391104349446e-05
8.663919212606967e-05 7.674075771265526e-05
8.63719452006075e-05 7.664280528700551e-05
8.610658690415352e-05 7.654524822425443e-05
8.584346911014976e-05 7.644808228528602e-05
8.558291788125408e-05 7.6351303835865e-05
8.532523863465057e-05 7.625490967042708e-05
8.50707231402234e-05 7.615889675727239e-05
8.481965478000363e-05 7.606326190738241e-05
8.457231386307412e-05 7.596800135803786e-05
8.432898019068434e-05 7.587311025142665e-05
8.408992914023289e-05 7.577858197930012e-05
8.38554219642572e-05 7.56844073925983e-05
8.362569354154696e-05 7.559057391921115e-05
8.340094050428808e-05 7.549706470345516e-05
8.318130993040931e-05 7.540385796792407e-05
8.296689152927154e-05 7.531092684826338e-05
8.275771472086891e-05 7.521823995818369e-05
8.255374436368399e-05 7.512576285119074e-05
8.235487475483335e-05 7.503346035222722e-05
8.216092835122327e-05 7.494129947635542e-05
8.197165692942146e-05 7.484925238558995e-05
8.178673827880686e-05 7.475729868014133e-05
8.160577305280835e-05 7.466542636585735e-05
8.1427787195647e-05 7.457363112441454e-05
8.125174604305283e-05 7.448191399463122e-05
8.107700007837975e-05 7.439027810746471e-05
8.090287462045751e-05 7.429872548787506e-05
8.072868437446387e-05 7.420725498222952e-05
8.055375589875577e-05 7.411586199891976e-05
8.037743985871678e-05 7.402454007697165e-05
8.019914475219109e-05 7.39332835777845e-05
8.001834002634363e-05 7.384209033898387e-05
7.983459419106236e-05 7.375096316343879e-05
7.964756594450952e-05 7.365990955048377e-05
7.945703870787616e-05 7.35689398681065e-05
7.926288318251338e-05 7.347806484301125e-05
7.9065072893885e-05 7.338729348130638e-05
7.886363805000894e-05 7.329663222194541e-05
7.865868746470114e-05 7.320608545228688e-05
7.845037258517338e-05 7.311565685115887e-05
7.823889647209383e-05 7.302535071684532e-05
7.802447499030461e-05 7.293517260939172e-05
7.780732675885707e-05 7.284512913399016e-05
7.758765319298597e-05 7.275522719576641e-05
7.73656366675818e-05 7.266547327705944e-05
7.714143765066958e-05 7.257587316734232e-05
7.69151809458213e-05 7.248643223647586e-05
7.668695502356986e-05 7.239715605366834e-05
7.645680352549876e-05 7.230805104565044e-05
7.62247432146703e-05 7.22191249631493e-05
7.599077314294635e-05 7.213038705188371e-05
7.575490622931246e-05 7.204184789681364e-05
7.551718128612217e-05 7.195351893023866e-05
7.527767113754164e-05 7.186541163793636e-05
7.5036489657839e-05 7.177753662368502e-05
7.479380580551713e-05 7.16899028083591e-05
7.454985114998805e-05 7.160251705130849e-05
7.430491512568804e-05 7.151538427626475e-05
7.405934845990603e-05 7.14285079017156e-05
7.381357196431194e-05 7.13418901975918e-05
7.356808949558619e-05 7.125553227968831e-05
7.332349592397802e-05 7.116943374906731e-05
7.308049064823717e-05 7.108359226237412e-05
7.283988571872665e-05 7.099800336855464e-05
7.26026006823016e-05 7.091266074335176e-05
7.236964312627416e-05 7.082755668401386e-05
7.214206776180093e-05 7.074268260121377e-05
7.192091211455443e-05 7.065802934123552e-05
7.170711427966324e-05 7.057358734903832e-05
7.150142988884772e-05 7.048934678656471e-05
7.130436095874329e-05 7.040529768072984e-05
7.111611680627952e-05 7.032143008652014e-05
7.093661914846821e-05 7.023773420832338e-05
7.076555132481549e-05 7.0154200474664e-05
7.06024475744104e-05 7.007081960242259e-05
7.044680506517542e-05 6.998758267608152e-05
7.029819180161997e-05 6.990448119736578e-05
7.015631464590366e-05 6.982150703106413e-05
7.002102693012448e-05 6.97386522212004e-05
6.98922765277085e-05 6.965590874716612e-05
6.977001495451482e-05 6.957326833276906e-05
6.965410117021428e-05 6.949072239525317e-05
6.95442371358774e-05 6.940826212837453e-05
6.94399616910293e-05 6.932587863106923e-05
6.934070438724367e-05 6.924356296312759e-05
6.924587563584937e-05 6.916130603924417e-05
6.915495563867492e-05 6.907909833372278e-05
6.906754768827338e-05 6.899692946694957e-05
6.898337828692712e-05 6.891478782831278e-05
6.890225197289818e-05 6.883266041613281e-05
6.882398521011508e-05 6.875053300753678e-05
6.874834996418723e-05 6.866839063270763e-05
6.867505128242162e-05 6.858621818939953e-05
6.860374625427788e-05 6.850400100409659e-05
6.853408895892775e-05 6.842172520952344e-05
6.846577608219915e-05 6.83393779363807e-05
6.839857250519948e-05 6.825694740308572e-05
6.833230869184372e-05 6.817442299160079e-05
6.826685972199185e-05 6.809179533717388e-05
6.820212518870368e-05 6.800905640045804e-05
6.813802497947022e-05 6.792619945398051e-05
6.807451468236254e-05 6.784321895174014e-05
6.801161662712409e-05 6.776011028545095e-05
6.79494510143716e-05 6.76768694902706e-05
6.788824743022839e-05 6.759349297078346e-05
6.78283312636177e-05 6.750997731181513e-05
6.777009408717898e-05 6.742631921404646e-05
6.771395800449766e-05 6.734251556261492e-05
6.766034026864196e-05 6.725856362444632e-05
6.760962665121704e-05 6.717446136993502e-05
6.756215904875712e-05 6.709020790380757e-05
6.751823533299239e-05 6.700580400158251e-05
6.747811555606682e-05 6.692125271225494e-05
6.744202936976198e-05 6.683655996978996e-05
6.741018333147254e-05 6.675173509676502e-05
6.738276580151519e-05 6.666679104823381e-05
6.735994923182052e-05 6.658174422012608e-05
6.734189593825592e-05 6.649661369778279e-05
6.732876778692383e-05 6.641141994158384e-05
6.732073365307411e-05 6.632618307905735e-05
6.731797483725114e-05 6.624092114600189e-05
6.732069256918866e-05 6.615564870713839e-05
6.732911424559568e-05 6.607037625574325e-05
6.734084303277076e-05 6.598511060246226e-05
6.735361160363978e-05 6.58998561782892e-05
6.736768476755968e-05 6.581461686814422e-05
6.73833482881632e-05 6.572939777493153e-05
6.740090677694957e-05 6.564420629426651e-05
6.742068827853677e-05 6.555905209156693e-05
6.744301953533697e-05 6.547394596837647e-05
6.746824171079833e-05 6.538889803855627e-05
6.74966678833899e-05 6.530391590674547e-05
6.752861791626653e-05 6.521900354456225e-05
6.75643657161344e-05 6.513416123746923e-05
6.76041909782601e-05 6.504938650983907e-05
6.76483248544889e-05 6.496467551634494e-05
6.769702017372188e-05 6.488002424703126e-05
6.775049605005868e-05 6.47954290664346e-05
6.78089906216306e-05 6.471088651398282e-05
6.787270087027537e-05 6.462639267644163e-05
6.794182057708946e-05 6.454194262528815e-05
6.801650898695357e-05 6.44575302926019e-05
6.809691175309316e-05 6.43731488649893e-05
6.81831453864219e-05 6.428879147843056e-05
6.827529534080821e-05 6.420445186392301e-05
6.837341244330671e-05 6.412012466713163e-05
6.847750406926986e-05 6.403580534382683e-05
6.858755296555317e-05 6.395148970917905e-05
6.870351039600828e-05 6.386717329794761e-05
6.882530874116814e-05 6.37828506881502e-05
6.89528426248266e-05 6.36985149020941e-05
6.908598308802484e-05 6.361415697218181e-05
6.922456869961525e-05 6.35297657395166e-05
6.936839970920161e-05 6.344532789410301e-05
6.951723428835412e-05 6.336082818267363e-05
6.967079467712726e-05 6.327624963455014e-05
6.982876293552088e-05 6.319157368154735e-05
6.999075935428975e-05 6.310678016837462e-05
7.015633195743521e-05 6.302184742659409e-05
7.032495072168352e-05 6.29367526500807e-05
7.049600453198267e-05 6.285147271438071e-05
7.066879161700907e-05 6.276598535621611e-05
7.084252456971515e-05 6.268027043905555e-05
7.101634330631317e-05 6.259431098715532e-05
7.118933332455106e-05 6.250809380114672e-05
7.136055480315987e-05 6.242160964708282e-05
7.152907930330992e-05 6.233485311080492e-05
7.169403193261463e-05 6.224782219137887e-05
7.185463452558752e-05 6.216051766934697e-05
7.201024826370198e-05 6.207294228054508e-05
7.216040326774374e-05 6.198509982315373e-05
7.230481261525952e-05 6.189699439514834e-05
7.244336573463007e-05 6.180862994951616e-05
7.257609637025018e-05 6.172001023635812e-05
7.27031346086756e-05 6.163113906382245e-05
7.282465560567128e-05 6.154202072119683e-05
7.294083829046328e-05 6.145266040513339e-05
7.305183789157709e-05 6.136306452988322e-05
7.3157778435674e-05 6.127324082623106e-05
7.325876721445947e-05 6.11831981738517e-05
7.335492319903222e-05 6.109294615523966e-05
7.344640394019614e-05 6.1002494409930635e-05
7.35334177672939e-05 6.091185195452459e-05
7.36162166013538e-05 6.082102668237763e-05
7.369507152350742e-05 6.0730025218797695e-05
7.377023992256456e-05 6.063885320355816e-05
7.384193707750903e-05 6.054751592154961e-05
7.391032315403476e-05 6.0456019080699225e-05
7.397550872963422e-05 6.036436946463969e-05
7.40375752693143e-05 6.027257524459165e-05
7.409660007029699e-05 6.018064587143268e-05
7.415267514620533e-05 6.0088591652438655e-05
7.420591486354839e-05 5.9996423238624363e-05
7.425645384002897e-05 5.9904151243874576e-05
7.430443912231844e-05 5.9811786094182695e-05
7.435002312304415e-05 5.9719338039686265e-05
7.43933626086342e-05 5.962681716470408e-05
7.443462329024418e-05 5.953423322308318e-05
7.447398681462448e-05 5.944159523545156e-05
7.451165602651522e-05 5.93489109056225e-05
7.454785496537473e-05 5.925618601215765e-05
7.458282281575132e-05 5.9163423936116344e-05
7.461680583756736e-05 5.907062543789379e-05
7.465004941097531e-05 5.8977788699694084e-05
7.468278934766944e-05 5.888490959095674e-05
7.471524407438517e-05 5.879198208146377e-05
7.474760994224872e-05 5.869899875452639e-05
7.478005776429889e-05 5.8605951407542795e-05
7.481272675243746e-05 5.851283174607147e-05
7.48457162325975e-05 5.8419632183708686e-05
7.487907800186243e-05 5.832634672263068e-05
7.491281149765731e-05 5.823297187242116e-05
7.49468629961522e-05 5.813950751436606e-05
7.498112959816863e-05 5.804595758935466e-05
7.501546857704095e-05 5.795233043292755e-05
7.504971046529737e-05 5.785863856672471e-05
7.508367361518137e-05 5.776489777292032e-05
7.511717926362878e-05 5.7671125384441135e-05
7.515006456784225e-05 5.7577337912489285e-05
7.518219052999175e-05 5.748354833751482e-05
7.521344485393631e-05 5.738976361649786e-05
7.524374120558458e-05 5.729598302300562e-05
7.527301481494535e-05 5.72021978733836e-05
7.53016108121982e-05 5.710839287041691e-05
7.53298700075053e-05 5.701454884709384e-05
7.535773988818013e-05 5.6920646215780774e-05
7.538516382380006e-05 5.6826668116270046e-05
7.5412081833608e-05 5.673260228769572e-05
7.543843373941147e-05 5.6638441095466924e-05
7.546416474493873e-05 5.654417980768128e-05
7.54892293825976e-05 5.644981389654746e-05
7.551359544555474e-05 5.635533651023386e-05
7.553724277055116e-05 5.6260737174448905e-05
7.556016185065869e-05 5.61660022169487e-05
7.558234872142817e-05 5.6071116639390406e-05
7.560380337578723e-05 5.597606652877826e-05
7.562452668022856e-05 5.588084092731163e-05
7.564452097058467e-05 5.5785432415030034e-05
7.566378922819271e-05 5.568983634608379e-05
7.56823368279407e-05 5.559404933394921e-05
7.570017180683404e-05 5.549806786259506e-05
7.57173054547662e-05 5.540188771155016e-05
7.57337511164916e-05 5.530550433439571e-05
7.574952248232225e-05 5.52089138147506e-05
7.576463157154748e-05 5.5112113770138665e-05
7.577908720370389e-05 5.501510373597668e-05
7.5792894034553e-05 5.4917884940341305e-05
7.580605209948456e-05 5.482045972034569e-05
7.581855673832117e-05 5.472283094198199e-05
7.583039893050648e-05 5.462500167780285e-05
7.584156547191042e-05 5.4526975203424144e-05
7.58520392277335e-05 5.4428755261539535e-05
7.586179896662672e-05 5.433034652674654e-05
7.587081946106907e-05 5.423175520421347e-05
7.587907246585115e-05 5.413298963809557e-05
7.588652889402891e-05 5.4034060708967047e-05
7.589316127707775e-05 5.393498181316403e-05
7.589894562067962e-05 5.3835768368818565e-05
7.590386328839038e-05 5.373643704461792e-05
7.590790308031348e-05 5.3637005060027526e-05
7.591106379595147e-05 5.3537489806902705e-05
7.591335711216338e-05 5.343790877549229e-05
7.591481151591476e-05 5.3338279506296576e-05
7.591547634648974e-05 5.323861927298765e-05
7.591542440645413e-05 5.313894443093742e-05
7.591475174745045e-05 5.30392696524197e-05
7.591357302765006e-05 5.2939607406165407e-05
7.591201174462464e-05 5.283996791908413e-05
7.591018605123229e-05 5.274035962724716e-05
7.590819272562481e-05 5.264078991533763e-05
7.590609218524517e-05 5.254126589500016e-05
7.590389835231277e-05 5.244179500579066e-05
7.590157633313851e-05 5.234238529447724e-05
7.589904904801555e-05 5.2243045285328e-05
7.589621246234556e-05 5.214378345541615e-05
7.589295652262516e-05 5.204460746625547e-05
7.58891867729118e-05 5.194552341335548e-05
7.588483993153438e-05 5.184653537134917e-05
7.587988839897103e-05 5.1747645369019935e-05
7.587433219422632e-05 5.164885374248779e-05
7.586818105376017e-05 5.155015968529367e-05
7.586143304269084e-05 5.145156177943991e-05
7.585405776293347e-05 5.135305836782497e-05
7.584599091887215e-05 5.125464770757565e-05
7.583714238177647e-05 5.115632792426078e-05
7.582741426847841e-05 5.105809684360918e-05
7.581672143787134e-05 5.095995180116539e-05
7.580500612402527e-05 5.0861889517916925e-05
7.579224133218599e-05 5.0763906065433295e-05
7.577842312067227e-05 5.066599686806214e-05
7.57635565369026e-05 5.0568156660775465e-05
7.574764255258185e-05 5.047037935224097e-05
7.573067273146465e-05 5.037265782256717e-05
7.571263461954802e-05 5.0274983716382116e-05
7.569352514440278e-05 5.017734730914519e-05
7.567336574456138e-05 5.0079737464486795e-05
7.565221296511408e-05 4.9982141695794485e-05
7.563016112689827e-05 4.988454632967598e-05
7.560733850888577e-05 4.9786936793298764e-05
7.558390177661701e-05 4.9689298033551293e-05
7.556003330824805e-05 4.959161505262155e-05
7.553594351556559e-05 4.94938735081836e-05
7.551187767152991e-05 4.939606030716914e-05
7.548812340576521e-05 4.929816413211732e-05
7.546501358345375e-05 4.92001758591043e-05
7.544292225877818e-05 4.9102088830261376e-05
7.542225503736754e-05 4.90038989537471e-05
7.540343603203841e-05 4.8905604599538965e-05
7.538689309737108e-05 4.880720627135557e-05
7.537304351521744e-05 4.8708706078617187e-05
7.53622816934834e-05 4.861010706922256e-05
7.535496894368935e-05 4.851141250978089e-05
7.535142482746667e-05 4.8412625200784654e-05
7.535192012913641e-05 4.831374691152343e-05
7.535667266343739e-05 4.8214778008572046e-05
7.536584677245772e-05 4.8115717361883054e-05
7.537955717592077e-05 4.80165626135301e-05
7.539787833098596e-05 4.7917310848740596e-05
7.542085807830946e-05 4.781795960409618e-05
7.544853188019557e-05 4.771850803893252e-05
7.548093509539194e-05 4.7618957986651084e-05
7.551811206145493e-05 4.7519314589614114e-05
7.556011986784722e-05 4.741958630230872e-05
7.560615759793876e-05 4.7319784199043036e-05
7.56553437155123e-05 4.721992073123196e-05
7.570760013407629e-05 4.712000825203913e-05
7.576284222696053e-05 4.702005772083337e-05
7.582097657255613e-05 4.6920077977245095e-05
7.588190434658561e-05 4.6820075799557104e-05
7.594552230067078e-05 4.672005671314122e-05
7.601173395961574e-05 4.662002622975864e-05
7.60804482819785e-05 4.6519991055558874e-05
7.615159130697311e-05 4.641995980790917e-05
7.622509443004164e-05 4.6319943001419533e-05
7.630089903447469e-05 4.621995236772647e-05
7.637893477806808e-05 4.611999983825457e-05
7.645912284946882e-05 4.602009662416778e-05
7.654135417394733e-05 4.592025271062811e-05
7.662549496801034e-05 4.582047683730425e-05
7.671137393828358e-05 4.572077676881156e-05
7.67987961669901e-05 4.562115955418153e-05
7.688754533450578e-05 4.55216315272608e-05
7.697739732648675e-05 4.542219799344091e-05
7.706812317106337e-05 4.5322862740750786e-05
7.715949149572849e-05 4.5223627610956746e-05
7.725126852153316e-05 4.512449232150703e-05
7.73432170348659e-05 4.502545462009913e-05
7.74351036415137e-05 4.4926510727308355e-05
7.752670316250641e-05 4.482765595473226e-05
7.761781006761756e-05 4.472888538004094e-05
7.770824417333735e-05 4.463019448013722e-05
7.779786356298696e-05 4.453157965772503e-05
7.788656992951243e-05 4.443303861943748e-05
7.797431086306382e-05 4.433457059500184e-05
7.806107847234967e-05 4.423617644211397e-05
7.814690690191315e-05 4.41378586870933e-05
7.823186522992569e-05 4.403962153907287e-05
7.831604507676662e-05 4.394147083370062e-05
7.839955014842132e-05 4.384341378344675e-05
7.848248613272529e-05 4.3745458410817534e-05
7.856495026765162e-05 4.364761263675118e-05
7.864701848881183e-05 4.3549883167789266e-05
7.872873631035781e-05 4.3452274437291716e-05
7.88101134430093e-05 4.335478786291272e-05
7.88911231762177e-05 4.325742156619655e-05
7.897170904732088e-05 4.3160170534121967e-05
7.905179803961077e-05 4.306302712003829e-05
7.913131854575245e-05 4.2965981755772875e-05
7.921021972918795e-05 4.2869023781717114e-05
7.928848932814981e-05 4.2772142305372296e-05
7.936616448246325e-05 4.267532697250706e-05
7.944333369956129e-05 4.257856850907807e-05
7.952012863278958e-05 4.248185894454096e-05
7.9596705580119e-05 4.2385191500751707e-05
7.96732214387199e-05 4.22885602500353e-05
7.974981019206328e-05 4.2191959684509395e-05
7.982656592377836e-05 4.209538434375021e-05
7.990353476224204e-05 4.199882859631798e-05
7.99807175428754e-05 4.19022866499745e-05
8.005808266363168e-05 4.180575280907095e-05
8.013558487709617e-05 4.170922196367402e-05
8.021318313627567e-05 4.161269021071487e-05
8.029085139616275e-05 4.1516155443895725e-05
8.036857958423737e-05 4.14196177227176e-05
8.044636525509831e-05 4.132307929362311e-05
8.052419978616923e-05 4.122654422986094e-05
8.060205512054632e-05 4.1130017799217294e-05
8.067987665421228e-05 4.103350577267656e-05
8.07575847934173e-05 4.093701390310567e-05
8.083508451133715e-05 4.0840547732644283e-05
8.091227883034636e-05 4.0744112752576916e-05
8.098908121197793e-05 4.0647714780864264e-05
8.106542328265251e-05 4.0551360352178434e-05
8.11412570118126e-05 4.045505693656484e-05
8.121655228019947e-05 4.035881292839896e-05
8.129129271291264e-05 4.0262637484970304e-05
8.136547300230578e-05 4.016654038530368e-05
8.14390989970484e-05 4.00705320427186e-05
8.151219031075206e-05 3.997462373815305e-05
8.15847840163302e-05 3.9878827985360965e-05
8.165693739600621e-05 3.978315888967035e-05
8.172872831734327e-05 3.9687632318655824e-05
8.180025382610446e-05 3.9592265799477666e-05
8.187162725324232e-05 3.9497078128881286e-05
8.19429732699404e-05 3.940208878341206e-05
8.20144216283694e-05 3.9307317241048245e-05
8.208610093820635e-05 3.9212782320541956e-05
8.215813220247617e-05 3.911850159390648e-05
8.223062083419153e-05 3.902449089015353e-05
8.230364759319202e-05 3.893076389148084e-05
8.237725999464378e-05 3.8837331815325116e-05
8.245146552415763e-05 3.8744203177277364e-05
8.252622777203388e-05 3.865138365069867e-05
8.260146659606886e-05 3.855887603963076e-05
8.26770633919249e-05 3.8466680411575194e-05
8.275287103417637e-05 3.83747944328397e-05
8.282872707506304e-05 3.828321395688353e-05
8.290446904917518e-05 3.8191933853043425e-05
8.297994932590245e-05 3.8100949009363394e-05
8.305504614309231e-05 3.801025536477251e-05
8.312966957141792e-05 3.791985076461932e-05
8.320376270333621e-05 3.782973542749285e-05
8.32772975415155e-05 3.7739911867507026e-05
8.33497763158882e-05 3.7650384217387256e-05
8.342071724884964e-05 3.756115708470828e-05
8.349012099045243e-05 3.747223422075063e-05
8.355797742175676e-05 3.738361738671314e-05
8.362426378821936e-05 3.729530576998888e-05
8.368894862461269e-05 3.720729612829293e-05
8.375199887132934e-05 3.711958357542275e-05
8.381338989825716e-05 3.703216266707707e-05
8.387311250313778e-05 3.6945028313806194e-05
8.393117875548952e-05 3.68581761287512e-05
8.398762035268965e-05 3.67716020678345e-05
8.404248613777368e-05 3.6685301548558535e-05
8.409583452123932e-05 3.659926847887629e-05
8.414772947430197e-05 3.651349465795192e-05
8.419823405479595e-05 3.642796983394439e-05
8.424740930049827e-05 3.634268238778687e-05
8.429531298744666e-05 3.625762031623375e-05
8.434200359241732e-05 3.617277211021355e-05
8.43875430758571e-05 3.60881272237247e-05
8.443199939340785e-05 3.600367610474137e-05
8.447544488525493e-05 3.591940999163323e-05
8.45179519722873e-05 3.5835320776878704e-05
8.455958728663554e-05 3.575140113297459e-05
8.460040595765835e-05 3.566764488894397e-05
8.464044793736373e-05 3.558404748887911e-05
8.467973548129741e-05 3.550060631314633e-05
8.471827253600787e-05 3.541732072278106e-05
8.475604453983813e-05 3.5334191829085315e-05
8.47930194810471e-05 3.525122205229672e-05
8.482914867460854e-05 3.5168414566986994e-05
8.48643675633597e-05 3.508577271830668e-05
8.489859658193502e-05 3.5003299500901974e-05
8.493174254451908e-05 3.4920997219106686e-05
8.496370060228679e-05 3.483886741482631e-05
8.499435681947157e-05 3.4756911084544984e-05
8.502359152295448e-05 3.467512907662576e-05
8.505128281458719e-05 3.459352249592096e-05
8.507730973760374e-05 3.4512092979221975e-05
8.510155469898629e-05 3.4430842833572256e-05
8.512390533187459e-05 3.4349775129109694e-05
8.514425589397623e-05 3.426889386136736e-05
8.516250846801794e-05 3.418820418662344e-05
8.517857416876317e-05 3.41077126150488e-05
8.51923742278084e-05 3.402742701100192e-05
8.520384062027295e-05 3.394735631444615e-05
8.521291583396813e-05 3.386751002817934e-05
8.521955152673426e-05 3.378789762414555e-05
8.5223706082928e-05 3.370852802163024e-05
8.522534146765264e-05 3.3629409270742594e-05
8.522442008104335e-05 3.355054850468983e-05
8.522090249257212e-05 3.34719521508306e-05
8.521474678954519e-05 3.33936263422277e-05
8.520590983612529e-05 3.331557738765409e-05
8.519435014514442e-05 3.323781213320984e-05
8.518003157289204e-05 3.316033806961133e-05
8.51629266920467e-05 3.308316314921955e-05
8.514301874031939e-05 3.30062953748933e-05
8.512030161665045e-05 3.292974230001411e-05
8.509477828469248e-05 3.2853510581760254e-05
8.506645866808684e-05 3.277760567175353e-05
8.503535830170668e-05 3.270203168048019e-05
8.500149858872801e-05 3.262679139997074e-05
8.496490861526294e-05 3.255188643343926e-05
8.492562748662106e-05 3.2477317378647175e-05
8.488370563314642e-05 3.240308401111086e-05
8.483920384885227e-05 3.232918544526786e-05
8.479218973134046e-05 3.225562028940851e-05
8.474273238182455e-05 3.218238683897964e-05
8.469089701458016e-05 3.210948331901914e-05
8.463674110309348e-05 3.2036908171991646e-05
8.458031285203876e-05 3.196466035052664e-05
8.452165167619608e-05 3.1892739565983486e-05
8.446078942243745e-05 3.182114645764941e-05
8.439775093862689e-05 3.174988265791656e-05
8.433255345383467e-05 3.167895072115484e-05
8.42652053285824e-05 3.160835391433428e-05
8.419570547701333e-05 3.153809586844622e-05
8.412404476544849e-05 3.1468180131010576e-05
8.405020990075476e-05 3.139860967400071e-05
8.39741890005939e-05 3.1329386423313565e-05
8.38959773170225e-05 3.126051086081022e-05
8.381558161147053e-05 3.119198173253887e-05
8.373302194154467e-05 3.1123795880966254e-05
8.364833030757868e-05 3.105594821944252e-05
8.356154671480419e-05 3.098843185305941e-05
8.347271395277883e-05 3.0921238344416846e-05
8.338187215520025e-05 3.085435808294901e-05
8.328905374126447e-05 3.0787780704009254e-05
8.319427909364083e-05 3.072149547846473e-05
8.309755325297998e-05 3.0655491619537706e-05
8.299886399169743e-05 3.058975847394438e-05
8.2898181702725e-05 3.052428562373352e-05
8.27954617537981e-05 3.0459062928141906e-05
8.26906496750169e-05 3.0394080559915937e-05
8.25836886125543e-05 3.0329329092082524e-05
8.247452803468685e-05 3.026479967116122e-05
8.236313238491152e-05 3.020048429515712e-05
8.224948766095337e-05 3.0136376172371082e-05
8.213360399707934e-05 3.0072470089896608e-05
8.201551390425103e-05 3.0008762686939416e-05
8.189410260734623e-05 2.9945252535346772e-05
8.176828897089025e-05 2.9881939988547768e-05
8.163818559936668e-05 2.981882682924833e-05
8.15039056517314e-05 2.9755915833665214e-05
8.136555942147702e-05 2.9693210396215114e-05
8.12232533620215e-05 2.9630714328654495e-05
8.107709531088327e-05 2.9568431858775085e-05
8.09271970579121e-05 2.950636777302243e-05
8.077368352855828e-05 2.9444527566202527e-05
8.061669042688219e-05 2.9382917482192322e-05
8.045636889199462e-05 2.9321544391953946e-05
8.029287214171942e-05 2.9260415542391865e-05
8.012635257077757e-05 2.91995383023963e-05
7.995693933930528e-05 2.913892002911686e-05
7.978473441017854e-05 2.907856814023113e-05
7.960979540189946e-05 2.901849036304402e-05
7.943214093186041e-05 2.8958695067245882e-05
7.92517455081286e-05 2.8899191546166714e-05
7.906854952210539e-05 2.8839990143001565e-05
7.888246139856738e-05 2.8781102202030118e-05
7.86933648927932e-05 2.8722539893603904e-05
7.850112193927817e-05 2.8664315986894062e-05
7.830557474390232e-05 2.860644361503059e-05
7.810655014860423e-05 2.854893604490455e-05
7.790386133944236e-05 2.8491806406138326e-05
7.769731928823229e-05 2.843506735999632e-05
7.748674448828695e-05 2.8378730714880007e-05
7.72719895097797e-05 2.832280703205653e-05
7.705295522734063e-05 2.82673052597604e-05
7.682961066301934e-05 2.821223244619739e-05
7.660200727285095e-05 2.8157593525202085e-05
7.637028535406665e-05 2.810339119454358e-05
7.613466923607152e-05 2.8049625920196358e-05
7.58954572339776e-05 2.7996296083028505e-05
7.565301061956851e-05 2.7943398293830968e-05
7.540773583350534e-05 2.7890927828604778e-05
7.516006375516146e-05 2.783887911266339e-05
7.491042884189139e-05 2.7787246175494523e-05
7.46592536366246e-05 2.7736023019517275e-05
7.440693421494694e-05 2.768520389671847e-05
7.415383055358198e-05 2.7634783500110616e-05
7.390026406508408e-05 2.7584757069432086e-05
7.36465203006076e-05 2.7535120392493256e-05
7.339285617216785e-05 2.74858696890333e-05
7.313950904352193e-05 2.743700137375696e-05
7.288670471425081e-05 2.7388511738276472e-05
7.263465964936234e-05 2.734039662011939e-05
7.238357796778155e-05 2.7292651117356154e-05
7.213364159656004e-05 2.724526940003913e-05
7.188499583371157e-05 2.7198244649782183e-05
7.16377360571853e-05 2.7151569126870195e-05
7.139189759323813e-05 2.710523433954032e-05
7.114745003710917e-05 2.7059231262487743e-05
7.090429556297223e-05 2.7013550543207587e-05
7.066227251091322e-05 2.6968182639915822e-05
7.042116073049672e-05 2.6923117860139928e-05
7.018068372819911e-05 2.6878346323706837e-05
6.994050598697237e-05 2.683385788344178e-05
6.970022813676085e-05 2.6789642076373993e-05
6.945938362173856e-05 2.6745688158247294e-05
6.921743877910628e-05 2.6701985266663897e-05
6.897379753555297e-05 2.6658522729674367e-05
6.872781053568755e-05 2.6615290475314607e-05
6.847878662858969e-05 2.657227947688509e-05
6.822600415600096e-05 2.65294821289834e-05
6.796872179168446e-05 2.6486892475603013e-05
6.770619004713034e-05 2.6444506261564388e-05
6.743766719209604e-05 2.6402320827519088e-05
6.716244254277484e-05 2.636033490220971e-05
6.687986627609298e-05 2.6318548363289673e-05
6.658938071062388e-05 2.627696200817667e-05
6.62905477412822e-05 2.62355773436862e-05
6.59830667995564e-05 2.619439637965848e-05
6.566677979394588e-05 2.6153421409769173e-05
6.534166518241154e-05 2.6112654752344366e-05
6.500782594557693e-05 2.607209848241865e-05
6.466547674429082e-05 2.6031754182549022e-05
6.431493449071237e-05 2.599162278398015e-05
6.395661322065143e-05 2.595170455240922e-05
6.359101786169632e-05 2.591199923411905e-05
6.321873286276614e-05 2.587250633327362e-05
6.284040604103994e-05 2.5833225456125403e-05
6.245672642269778e-05 2.5794156632036325e-05
6.206839458939802e-05 2.5755300548820775e-05
6.167608995925899e-05 2.571665866066969e-05
6.128044328126877e-05 2.567823315068052e-05
6.0882017370772976e-05 2.564002675566751e-05
6.0481294913133145e-05 2.5602042465083102e-05
6.007867204699317e-05 2.5564283115321607e-05
5.967445709148984e-05 2.5526750929531772e-05
5.926887454895278e-05 2.5489447057065046e-05
5.886207468826e-05 2.5452371201956786e-05
5.8454152213231636e-05 2.5415521434282023e-05
5.804517657199665e-05 2.5378894257060275e-05
5.763522985638169e-05 2.5342484980764995e-05
5.7224448705949295e-05 2.5306288390022913e-05
5.681306758019668e-05 2.5270299604664842e-05
5.640145350660139e-05 2.5234514951764236e-05
5.599012033863071e-05 2.5198932605909746e-05
5.557972115224521e-05 2.5163552766757635e-05
5.5169863027320615e-05 2.5128377247215367e-05
5.47604622915161e-05 2.5093408513161136e-05
5.435235855765955e-05 2.5058648408460282e-05
5.394634136899713e-05 2.5024096938750656e-05
5.354312020264261e-05 2.498975149143115e-05
5.3143329130517534e-05 2.495560674820388e-05
5.274749822487675e-05 2.492165529496479e-05
5.2356109618795884e-05 2.4887888710446726e-05
5.1969547818233434e-05 2.4854298728050478e-05
5.1588181895797545e-05 2.482087808153982e-05
5.121228032613234e-05 2.478762079932348e-05
5.084209813066846e-05 2.475452196789435e-05
5.0477753021393516e-05 2.472157719865878e-05
5.011932016133353e-05 2.4688782134817122e-05
4.976672229899578e-05 2.4656132245302886e-05
4.94198440733684e-05 2.4623622968813347e-05
4.907846254801753e-05 2.4591250061455072e-05
4.8742352711731236e-05 2.455900989136242e-05
4.8411260423182566e-05 2.4526899477888414e-05
4.80849641399884e-05 2.4494916201264066e-05
4.776327376601965e-05 2.4463057273257927e-05
4.7446051648190044e-05 2.443131915625535e-05
4.713321557726332e-05 2.4399697100795092e-05
4.682471167292433e-05 2.4368184889766997e-05
4.6520524021417515e-05 2.4336774796636373e-05
4.622064234023559e-05 2.4305457712821277e-05
4.592507585637843e-05 2.4274223404188722e-05
4.5633819651271885e-05 2.4243060841904612e-05
4.534687731752844e-05 2.4211958565563407e-05
4.506423691061663e-05 2.4180905005659337e-05
4.47858502724115e-05 2.4149888714547485e-05
4.451162275883333e-05 2.411889848808954e-05
4.4241433240620034e-05 2.4087923437183384e-05
4.397515016345893e-05 2.4056953077774418e-05
4.371262977162415e-05 2.4025977483702055e-05
4.3453742023119936e-05 2.399498748295939e-05
4.319840683328552e-05 2.3963974796221282e-05
4.294662888425208e-05 2.3932932077655455e-05
4.269850637089103e-05 2.3901852850911204e-05
4.245424240851024e-05 2.3870731428243114e-05
4.221414295759807e-05 2.383956291543074e-05
4.1978596004739665e-05 2.380834331857859e-05
4.174804348731013e-05 2.377706972030158e-05
4.152294400164325e-05 2.37457404254314e-05
4.1303729466571675e-05 2.371435499701896e-05
4.109076079695706e-05 2.368291417596813e-05
4.088429707988824e-05 2.3651419692884146e-05
4.068447510972688e-05 2.3619874012711928e-05
4.0491309437249515e-05 2.3588280047323607e-05
4.0304711736879976e-05 2.3556640874340673e-05
4.012451822335391e-05 2.352495951967251e-05
3.995052524784979e-05 2.3493238844062014e-05
3.978252830171756e-05 2.3461481559024222e-05
3.962035679624005e-05 2.3429690341244397e-05
3.946388614767433e-05 2.3397867977278247e-05
3.9313025415266626e-05 2.3366017486856072e-05
3.916769007243873e-05 2.333414219247293e-05
3.902777082894396e-05 2.3302245738071603e-05
3.8893106918488516e-05 2.327033208703727e-05
3.8763472689231894e-05 2.3238405516327193e-05
3.8638584718377034e-05 2.3206470627756826e-05
3.851812669432159e-05 2.3174532375189877e-05
3.840178227146922e-05 2.3142596080622663e-05
3.828926502684019e-05 2.311066741408213e-05
3.81803378427156e-05 2.3078752289407145e-05
3.807481825712676e-05 2.304685667863654e-05
3.7972573776222825e-05 2.3014986358555617e-05
3.787351168163695e-05 2.2983146644187102e-05
3.7777568844060954e-05 2.295134212903366e-05
3.7684706942084435e-05 2.291957647610962e-05
3.759491566181181e-05 2.2887852246415014e-05
3.750821902631827e-05 2.2856170775919366e-05
3.742467944833281e-05 2.2824532112511453e-05
3.7344396357246205e-05 2.2792935016960336e-05
3.72674969244018e-05 2.2761377034951485e-05
3.7194120987340314e-05 2.2729854634532393e-05
3.712440458062267e-05 2.2698363377159775e-05
3.705846537245151e-05 2.2666898117456452e-05
3.699639200140201e-05 2.263545320154922e-05
3.6938240490260225e-05 2.260402266998987e-05
3.688403519216217e-05 2.257260044255527e-05
3.6833768544111325e-05 2.25411804891211e-05
3.678740052908947e-05 2.25097569788342e-05
3.6744862119658404e-05 2.247832442681119e-05
3.670606183797944e-05 2.2446877851540342e-05
3.66708910916885e-05 2.2415412992402017e-05
3.663922791313417e-05 2.2383926626293876e-05
3.661094059782463e-05 2.2352417012837245e-05
3.658589117546877e-05 2.2320884497172705e-05
3.656393772648302e-05 2.2289332200498002e-05
3.654493539678295e-05 2.2257766718013217e-05
3.6528737426027e-05 2.2226198600289182e-05
3.6515196429564e-05 2.2194642394158387e-05
3.650416615152232e-05 2.2163115956722046e-05
3.649550497869277e-05 2.2131638912781942e-05
3.648908068626295e-05 2.210023028715105e-05
3.648477510401703e-05 2.206890564507985e-05
3.6482488796239426e-05 2.2037674311019273e-05
3.648214536151915e-05 2.2006537417011696e-05
3.6483693795198405e-05 2.197548741699265e-05
